3 0.155433 0.554303 0.035211 0.071721
12 0.093561 0.880123 0.036217 0.071721
13 0.258048 0.087090 0.035211 0.071721
1 0.382294 0.559426 0.036217 0.069672
15 0.501509 0.735656 0.037223 0.069672
2 0.540744 0.690574 0.035211 0.073770
14 0.520624 0.792008 0.039235 0.067623
10 0.606137 0.639344 0.037223 0.073770
4 0.734909 0.477459 0.037223 0.069672
9 0.770624 0.440574 0.036217 0.073770
6 0.803320 0.154713 0.035211 0.071721
7 0.711771 0.120902 0.037223 0.073770
0 0.914487 0.101434 0.036217 0.071721
11 0.871227 0.218238 0.036217 0.071721
5 0.962777 0.543033 0.036217 0.069672
8 0.535714 0.974385 0.035211 0.051230
