8 0.077968 0.726434 0.035211 0.067623
2 0.039738 0.817623 0.035211 0.073770
1 0.296278 0.787910 0.035211 0.071721
12 0.305332 0.850410 0.035211 0.069672
15 0.416499 0.260246 0.034205 0.069672
6 0.543763 0.031762 0.033199 0.059426
10 0.801308 0.265369 0.035211 0.071721
3 0.816398 0.142418 0.033199 0.067623
4 0.785714 0.033811 0.034205 0.063525
13 0.900905 0.213115 0.033199 0.069672
9 0.902414 0.480533 0.034205 0.067623
5 0.981388 0.447746 0.033199 0.071721
14 0.885312 0.732582 0.036217 0.071721
0 0.984909 0.658811 0.030181 0.075820
11 0.875755 0.955943 0.035211 0.071721
