5 0.332998 0.174180 0.036217 0.073770
13 0.116700 0.219262 0.036217 0.069672
10 0.169517 0.388320 0.037223 0.071721
0 0.503018 0.504098 0.036217 0.073770
16 0.779175 0.972336 0.041247 0.055328
1 0.215795 0.576844 0.037223 0.071721
6 0.045272 0.454918 0.038229 0.069672
7 0.083501 0.701844 0.038229 0.071721
3 0.221831 0.824795 0.037223 0.071721
15 0.234406 0.930328 0.038229 0.069672
11 0.105634 0.960041 0.036217 0.071721
2 0.386318 0.935451 0.036217 0.075820
8 0.536720 0.973361 0.039235 0.053279
4 0.733903 0.476434 0.035211 0.071721
9 0.792254 0.521516 0.037223 0.071721
14 0.852616 0.653689 0.035211 0.073770
12 0.975352 0.803279 0.035211 0.077869
