1 0.381791 0.560451 0.035211 0.071721
12 0.094064 0.882172 0.037223 0.071721
13 0.389336 0.048156 0.034205 0.071721
2 0.540744 0.691598 0.037223 0.067623
15 0.502012 0.737705 0.036217 0.073770
9 0.770624 0.440574 0.036217 0.069672
4 0.733903 0.477459 0.039235 0.073770
10 0.605634 0.638320 0.036217 0.071721
3 0.707746 0.671107 0.035211 0.075820
7 0.834004 0.466189 0.036217 0.071721
14 0.835513 0.531762 0.035211 0.067623
5 0.820423 0.615779 0.035211 0.067623
11 0.969819 0.504098 0.034205 0.069672
6 0.693662 0.923156 0.035211 0.071721
0 0.678068 0.974385 0.038229 0.051230
8 0.535714 0.975410 0.037223 0.049180
