7 0.175553 0.271516 0.037223 0.075820
10 0.170020 0.389344 0.036217 0.069672
3 0.287223 0.425205 0.037223 0.071721
0 0.314386 0.136270 0.037223 0.075820
5 0.364688 0.222336 0.035211 0.075820
9 0.677062 0.125000 0.036217 0.077869
11 0.320423 0.821721 0.037223 0.073770
15 0.339034 0.955943 0.034205 0.075820
2 0.386318 0.937500 0.036217 0.071721
8 0.474849 0.974385 0.038229 0.051230
14 0.723340 0.546107 0.038229 0.071721
6 0.664487 0.732582 0.039235 0.071721
4 0.735412 0.477459 0.040241 0.073770
13 0.908451 0.399590 0.038229 0.077869
