0 0.510060 0.503074 0.032193 0.067623
1 0.296781 0.796107 0.034205 0.067623
15 0.300805 0.552254 0.034205 0.063525
14 0.883300 0.811475 0.032193 0.069672
2 0.204225 0.845287 0.032193 0.071721
8 0.070926 0.905738 0.033199 0.069672
12 0.248491 0.974385 0.036217 0.051230
10 0.781690 0.472336 0.032193 0.063525
16 0.780684 0.534836 0.040241 0.077869
6 0.543260 0.030738 0.034205 0.057377
13 0.627264 0.382172 0.033199 0.071721
9 0.809356 0.506148 0.031187 0.065574
3 0.834507 0.534836 0.031187 0.065574
11 0.807847 0.566598 0.032193 0.067623
5 0.862173 0.569672 0.034205 0.065574
4 0.785211 0.032787 0.035211 0.061475
