0 0.652918 0.134221 0.034205 0.075820
9 0.407948 0.248975 0.037223 0.071721
12 0.134809 0.529713 0.038229 0.067623
5 0.222837 0.488730 0.035211 0.075820
11 0.220825 0.633197 0.035211 0.069672
3 0.297284 0.620902 0.033199 0.073770
16 0.305332 0.973361 0.041247 0.053279
7 0.798793 0.509221 0.034205 0.071721
15 0.753521 0.627049 0.034205 0.073770
1 0.843561 0.112705 0.033199 0.069672
13 0.899899 0.092213 0.035211 0.069672
14 0.976358 0.125000 0.035211 0.069672
6 0.985412 0.271516 0.029175 0.067623
2 0.984406 0.360656 0.031187 0.069672
