15 0.101610 0.362705 0.034205 0.069672
2 0.152918 0.883197 0.032193 0.069672
8 0.070926 0.907787 0.033199 0.069672
1 0.296781 0.796107 0.034205 0.067623
0 0.235915 0.878074 0.033199 0.063525
12 0.247485 0.975410 0.034205 0.049180
13 0.627264 0.381148 0.033199 0.069672
6 0.542757 0.030738 0.033199 0.057377
3 0.893863 0.164959 0.033199 0.071721
4 0.785714 0.032787 0.034205 0.061475
10 0.801308 0.265369 0.033199 0.067623
9 0.968813 0.227459 0.034205 0.069672
5 0.943662 0.495902 0.032193 0.065574
14 0.884809 0.733607 0.033199 0.065574
11 0.876258 0.954918 0.032193 0.069672
