9 0.669014 0.037910 0.034205 0.071721
12 0.134306 0.529713 0.035211 0.067623
5 0.222334 0.490779 0.036217 0.071721
11 0.219819 0.631148 0.035211 0.069672
3 0.296781 0.620902 0.034205 0.069672
1 0.843561 0.113730 0.035211 0.071721
15 0.754024 0.626025 0.033199 0.067623
7 0.935111 0.121926 0.033199 0.067623
13 0.980382 0.111680 0.033199 0.071721
14 0.985412 0.228484 0.029175 0.067623
6 0.973843 0.347336 0.034205 0.067623
2 0.954728 0.503074 0.034205 0.067623
0 0.986922 0.530738 0.026157 0.069672
8 0.985412 0.878074 0.029175 0.071721
