3 0.143360 0.576844 0.035211 0.071721
12 0.095070 0.882172 0.035211 0.071721
13 0.257042 0.090164 0.035211 0.073770
6 0.525654 0.125000 0.037223 0.069672
1 0.380785 0.560451 0.035211 0.075820
0 0.503521 0.576844 0.035211 0.075820
15 0.502012 0.735656 0.036217 0.069672
2 0.540744 0.691598 0.035211 0.075820
10 0.606640 0.638320 0.034205 0.071721
7 0.711771 0.119877 0.035211 0.071721
4 0.734909 0.479508 0.039235 0.077869
11 0.870724 0.219262 0.035211 0.077869
5 0.963280 0.542008 0.035211 0.071721
14 0.520624 0.794057 0.037223 0.075820
8 0.535714 0.974385 0.037223 0.051230
9 0.779678 0.964139 0.036217 0.071721
