13 0.115694 0.220287 0.038229 0.067623
6 0.045272 0.456967 0.036217 0.069672
10 0.169517 0.389344 0.037223 0.073770
1 0.215292 0.578893 0.036217 0.071721
7 0.420523 0.456967 0.036217 0.073770
0 0.549296 0.627049 0.036217 0.073770
11 0.493964 0.675205 0.036217 0.071721
2 0.532696 0.706967 0.037223 0.073770
15 0.496982 0.753074 0.034205 0.071721
14 0.525654 0.801230 0.039235 0.069672
3 0.368712 0.908811 0.037223 0.075820
8 0.535714 0.974385 0.035211 0.051230
4 0.734406 0.476434 0.036217 0.067623
9 0.792254 0.521516 0.035211 0.071721
5 0.899396 0.796107 0.034205 0.071721
12 0.975352 0.803279 0.035211 0.077869
