0 0.189638 0.073770 0.037223 0.077869
3 0.272636 0.057377 0.038229 0.073770
13 0.087022 0.639344 0.037223 0.073770
10 0.078974 0.842213 0.037223 0.069672
14 0.137324 0.837090 0.033199 0.075820
9 0.033199 0.973361 0.038229 0.053279
5 0.384306 0.621926 0.036217 0.075820
11 0.551811 0.675205 0.039235 0.071721
15 0.368209 0.932377 0.036217 0.077869
7 0.445171 0.780738 0.035211 0.073770
2 0.462274 0.891393 0.033199 0.073770
6 0.487425 0.937500 0.033199 0.067623
8 0.447183 0.967213 0.035211 0.065574
4 0.876258 0.685451 0.036217 0.075820
