13 0.390342 0.048156 0.036217 0.071721
1 0.382294 0.559426 0.036217 0.069672
12 0.095070 0.879098 0.035211 0.069672
15 0.502012 0.736680 0.034205 0.067623
2 0.541247 0.690574 0.034205 0.073770
6 0.693662 0.923156 0.033199 0.067623
16 0.682093 0.974385 0.040241 0.051230
8 0.536720 0.975410 0.039235 0.049180
10 0.605634 0.638320 0.036217 0.071721
3 0.707746 0.669057 0.037223 0.071721
9 0.770624 0.439549 0.036217 0.075820
4 0.733903 0.477459 0.035211 0.073770
7 0.835010 0.467213 0.038229 0.073770
14 0.835513 0.533811 0.039235 0.067623
5 0.820926 0.615779 0.038229 0.071721
11 0.969819 0.505123 0.036217 0.075820
0 0.681087 0.979508 0.028169 0.040984
