13 0.116197 0.219262 0.041247 0.077869
6 0.044769 0.455943 0.039235 0.071721
10 0.169014 0.389344 0.038229 0.077869
5 0.332495 0.175205 0.039235 0.079918
9 0.682093 0.140369 0.034205 0.071721
1 0.214789 0.577869 0.041247 0.073770
7 0.084004 0.702869 0.037223 0.081967
3 0.221328 0.824795 0.038229 0.075820
11 0.105131 0.962090 0.037223 0.075820
15 0.233400 0.930328 0.036217 0.077869
2 0.385312 0.936475 0.038229 0.081967
8 0.495976 0.974385 0.038229 0.051230
0 0.554326 0.964139 0.038229 0.071721
4 0.734406 0.474385 0.036217 0.075820
14 0.723843 0.547131 0.037223 0.077869
