3 0.078471 0.703893 0.034205 0.071721
10 0.022636 0.844262 0.035211 0.073770
15 0.259054 0.757172 0.035211 0.071721
0 0.108652 0.909836 0.034205 0.073770
12 0.309859 0.838115 0.034205 0.069672
8 0.242958 0.950820 0.035211 0.065574
9 0.424547 0.276639 0.034205 0.069672
6 0.544266 0.031762 0.036217 0.059426
1 0.563380 0.581967 0.034205 0.069672
13 0.852113 0.752049 0.034205 0.073770
14 0.889839 0.720287 0.035211 0.071721
5 0.981891 0.449795 0.034205 0.071721
4 0.785714 0.033811 0.036217 0.063525
11 0.735412 0.975410 0.038229 0.049180
