1 0.426056 0.482582 0.035211 0.071721
12 0.049799 0.777664 0.037223 0.071721
13 0.470825 0.109631 0.034205 0.071721
9 0.759557 0.453893 0.034205 0.071721
10 0.605131 0.637295 0.035211 0.069672
2 0.548793 0.705943 0.035211 0.071721
15 0.502012 0.735656 0.034205 0.073770
4 0.573441 0.895492 0.034205 0.069672
6 0.699195 0.922131 0.034205 0.069672
0 0.629276 0.911885 0.033199 0.069672
8 0.580986 0.963115 0.037223 0.069672
3 0.707746 0.670082 0.035211 0.069672
5 0.820423 0.614754 0.033199 0.069672
7 0.834507 0.466189 0.035211 0.071721
14 0.836016 0.532787 0.034205 0.065574
11 0.970322 0.505123 0.033199 0.067623
