16 0.625755 0.030738 0.038229 0.057377
9 0.668008 0.036885 0.036217 0.069672
5 0.223340 0.489754 0.036217 0.069672
12 0.135312 0.529713 0.033199 0.067623
11 0.220322 0.632172 0.034205 0.071721
3 0.297284 0.621926 0.033199 0.071721
1 0.842052 0.110656 0.036217 0.069672
15 0.754024 0.627049 0.033199 0.069672
0 0.756036 0.950820 0.035211 0.069672
4 0.895875 0.900615 0.035211 0.071721
2 0.962777 0.514344 0.032193 0.069672
7 0.935111 0.123975 0.033199 0.067623
13 0.980885 0.110656 0.032193 0.069672
8 0.984909 0.900615 0.030181 0.071721
