3 0.246479 0.389344 0.034205 0.069672
12 0.094567 0.881148 0.034205 0.069672
13 0.274648 0.078893 0.036217 0.071721
1 0.382294 0.561475 0.036217 0.073770
15 0.501006 0.736680 0.032193 0.071721
2 0.540241 0.691598 0.036217 0.067623
14 0.576459 0.745902 0.036217 0.069672
8 0.536217 0.975410 0.038229 0.049180
4 0.734909 0.478484 0.035211 0.071721
9 0.770624 0.439549 0.036217 0.071721
7 0.719316 0.099385 0.034205 0.067623
6 0.803320 0.167008 0.035211 0.071721
11 0.878773 0.209016 0.035211 0.069672
0 0.914487 0.101434 0.036217 0.071721
5 0.963280 0.545082 0.035211 0.069672
