16 0.578974 0.032787 0.039235 0.061475
0 0.967807 0.970287 0.036217 0.059426
12 0.134809 0.528689 0.036217 0.073770
5 0.222837 0.489754 0.035211 0.073770
11 0.220825 0.631148 0.035211 0.069672
3 0.297284 0.618852 0.035211 0.073770
15 0.754024 0.625000 0.033199 0.069672
1 0.842555 0.112705 0.031187 0.065574
9 0.667002 0.035861 0.032193 0.067623
7 0.935111 0.121926 0.033199 0.067623
13 0.979879 0.109631 0.032193 0.071721
14 0.984909 0.230533 0.030181 0.067623
6 0.973340 0.347336 0.033199 0.071721
2 0.951710 0.497951 0.036217 0.073770
