15 0.300805 0.552254 0.034205 0.067623
1 0.296781 0.796107 0.034205 0.071721
2 0.204225 0.844262 0.034205 0.069672
12 0.247988 0.974385 0.035211 0.051230
8 0.070423 0.906762 0.034205 0.067623
6 0.543763 0.030738 0.033199 0.057377
13 0.626761 0.382172 0.032193 0.071721
10 0.792254 0.359631 0.033199 0.067623
0 0.834507 0.441598 0.033199 0.067623
4 0.785714 0.032787 0.034205 0.061475
3 0.957243 0.244877 0.033199 0.071721
9 0.900402 0.392418 0.034205 0.071721
5 0.904930 0.643443 0.033199 0.065574
11 0.866700 0.879098 0.033199 0.069672
14 0.982394 0.895492 0.033199 0.069672
