0 0.252012 0.506148 0.035211 0.069672
16 0.724849 0.505123 0.039235 0.079918
5 0.756036 0.502049 0.029175 0.073770
2 0.780181 0.470287 0.033199 0.067623
11 0.806841 0.440574 0.032193 0.069672
1 0.834507 0.409836 0.029175 0.065574
12 0.861670 0.377049 0.031187 0.065574
6 0.861167 0.443648 0.032193 0.059426
14 0.834004 0.473361 0.028169 0.061475
9 0.808350 0.506148 0.031187 0.061475
15 0.781187 0.538934 0.031187 0.061475
13 0.834507 0.535861 0.029175 0.063525
7 0.861670 0.503074 0.031187 0.059426
10 0.860664 0.564549 0.033199 0.063525
4 0.834507 0.599385 0.033199 0.067623
3 0.806338 0.566598 0.031187 0.059426
8 0.860664 0.628074 0.033199 0.067623
