13 0.116197 0.219262 0.039235 0.077869
6 0.045775 0.455943 0.037223 0.071721
10 0.169014 0.388320 0.040241 0.075820
7 0.083501 0.701844 0.038229 0.075820
5 0.331992 0.176230 0.036217 0.077869
3 0.220825 0.824795 0.035211 0.075820
11 0.105634 0.962090 0.036217 0.071721
15 0.233400 0.931352 0.034205 0.079918
2 0.385312 0.938525 0.038229 0.077869
1 0.634306 0.604508 0.037223 0.073770
8 0.474346 0.974385 0.039235 0.051230
9 0.676559 0.122951 0.035211 0.073770
4 0.734909 0.475410 0.039235 0.077869
14 0.722837 0.546107 0.035211 0.079918
