12 0.115694 0.219262 0.036217 0.077869
6 0.046781 0.455943 0.039235 0.071721
10 0.169014 0.388320 0.036217 0.075820
7 0.084004 0.702869 0.039235 0.077869
1 0.215795 0.579918 0.039235 0.081967
5 0.331992 0.176230 0.038229 0.077869
3 0.221328 0.824795 0.036217 0.071721
11 0.105634 0.961066 0.038229 0.073770
15 0.234406 0.930328 0.038229 0.073770
2 0.386318 0.937500 0.036217 0.079918
8 0.536217 0.973361 0.042254 0.053279
4 0.733903 0.477459 0.037223 0.073770
9 0.792757 0.521516 0.036217 0.075820
14 0.852616 0.654713 0.037223 0.075820
0 0.959256 0.691598 0.035211 0.075820
12 0.975352 0.801230 0.035211 0.077869
