13 0.116197 0.218238 0.037223 0.071721
6 0.045775 0.454918 0.037223 0.073770
1 0.216298 0.578893 0.038229 0.071721
10 0.170020 0.388320 0.034205 0.075820
7 0.083501 0.702869 0.040241 0.077869
5 0.332998 0.176230 0.034205 0.069672
16 0.449698 0.032787 0.044266 0.061475
3 0.221831 0.825820 0.033199 0.073770
11 0.105634 0.962090 0.036217 0.075820
15 0.233400 0.929303 0.036217 0.075820
2 0.385815 0.936475 0.037223 0.077869
14 0.722334 0.547131 0.040241 0.073770
4 0.734909 0.474385 0.039235 0.079918
9 0.676559 0.126025 0.037223 0.075820
8 0.474849 0.975410 0.038229 0.049180
0 0.554326 0.963115 0.038229 0.073770
