12 0.135815 0.529713 0.034205 0.067623
5 0.221831 0.489754 0.035211 0.069672
11 0.220322 0.630123 0.032193 0.067623
3 0.297787 0.621926 0.034205 0.071721
0 0.533702 0.452869 0.035211 0.077869
14 0.608149 0.067623 0.035211 0.069672
1 0.560865 0.539959 0.035211 0.067623
9 0.681087 0.463115 0.036217 0.073770
6 0.726358 0.330943 0.036217 0.071721
7 0.778169 0.409836 0.035211 0.069672
15 0.753521 0.626025 0.034205 0.071721
13 0.851610 0.506148 0.035211 0.073770
2 0.828974 0.763320 0.038229 0.071721
4 0.920020 0.859631 0.033199 0.075820
8 0.986419 0.862705 0.027163 0.069672
