2 0.085513 0.738730 0.034205 0.071721
8 0.134809 0.823770 0.032193 0.069672
12 0.208753 0.899590 0.033199 0.069672
1 0.153421 0.974385 0.033199 0.051230
15 0.355131 0.967213 0.034205 0.065574
0 0.512072 0.503074 0.034205 0.071721
13 0.639839 0.404713 0.034205 0.071721
6 0.620724 0.113730 0.034205 0.071721
4 0.814889 0.177254 0.034205 0.067623
10 0.781187 0.473361 0.033199 0.069672
9 0.808350 0.502049 0.033199 0.069672
3 0.834004 0.534836 0.034205 0.069672
5 0.862173 0.569672 0.034205 0.073770
11 0.807847 0.567623 0.034205 0.069672
14 0.883300 0.816598 0.034205 0.067623
