2 0.514588 0.206967 0.035211 0.069672
14 0.548290 0.163934 0.034205 0.073770
12 0.070423 0.618852 0.038229 0.069672
11 0.201710 0.705943 0.035211 0.071721
5 0.383803 0.483607 0.035211 0.073770
6 0.737928 0.339139 0.031187 0.075820
1 0.073441 0.892418 0.034205 0.071721
3 0.464286 0.803279 0.035211 0.069672
0 0.684105 0.570697 0.034205 0.067623
9 0.734909 0.501025 0.033199 0.071721
7 0.772636 0.552254 0.032193 0.067623
15 0.753521 0.627049 0.036217 0.069672
13 0.780181 0.745902 0.035211 0.073770
4 0.815392 0.827869 0.035211 0.073770
8 0.931590 0.848361 0.036217 0.069672
