13 0.116197 0.219262 0.037223 0.073770
6 0.045272 0.455943 0.036217 0.071721
10 0.169517 0.387295 0.037223 0.073770
5 0.332495 0.177254 0.039235 0.075820
1 0.217304 0.577869 0.036217 0.069672
7 0.082998 0.701844 0.037223 0.075820
3 0.221831 0.825820 0.035211 0.073770
11 0.105634 0.960041 0.038229 0.063525
15 0.233903 0.930328 0.033199 0.069672
2 0.385815 0.937500 0.035211 0.075820
8 0.536720 0.974385 0.037223 0.051230
4 0.733903 0.476434 0.037223 0.071721
9 0.792254 0.522541 0.039235 0.073770
16 0.985915 0.621926 0.028169 0.079918
0 0.959256 0.692623 0.039235 0.073770
12 0.974849 0.803279 0.036217 0.073770
14 0.852113 0.654713 0.038229 0.075820
