0 0.510060 0.504098 0.032193 0.065574
15 0.291751 0.784836 0.034205 0.069672
1 0.258048 0.880123 0.035211 0.071721
8 0.081992 0.893443 0.035211 0.069672
2 0.103622 0.965164 0.034205 0.065574
12 0.247988 0.976434 0.033199 0.047131
13 0.627767 0.381148 0.034205 0.069672
6 0.558853 0.036885 0.033199 0.069672
4 0.789738 0.033811 0.036217 0.063525
10 0.781187 0.474385 0.033199 0.067623
9 0.807847 0.505123 0.032193 0.067623
11 0.807847 0.566598 0.034205 0.067623
3 0.834507 0.534836 0.031187 0.069672
5 0.862173 0.567623 0.034205 0.065574
14 0.883803 0.812500 0.033199 0.067623
