12 0.805031 0.565032 0.039832 0.081023
0 0.216981 0.486141 0.037736 0.076759
5 0.857442 0.375267 0.039832 0.081023
6 0.859539 0.628998 0.039832 0.081023
13 0.858491 0.439232 0.037736 0.076759
8 0.859539 0.5629 0.039832 0.081023
10 0.832285 0.471215 0.037736 0.076759
7 0.778826 0.533049 0.039832 0.081023
2 0.807128 0.439232 0.039832 0.081023
11 0.832285 0.535181 0.039832 0.081023
15 0.859539 0.503198 0.039832 0.081023
16 0.72327 0.501066 0.035639 0.072495
1 0.752621 0.498934 0.039832 0.081023
4 0.833333 0.407249 0.039832 0.081023
