13 0.115694 0.219262 0.036217 0.069672
6 0.045272 0.455943 0.036217 0.071721
10 0.169517 0.388320 0.037223 0.071721
1 0.215795 0.576844 0.037223 0.071721
0 0.262072 0.081967 0.035211 0.073770
15 0.501509 0.735656 0.035211 0.069672
2 0.540744 0.690574 0.035211 0.073770
14 0.521127 0.790984 0.036217 0.069672
3 0.369215 0.907787 0.036217 0.069672
8 0.535211 0.974385 0.036217 0.051230
16 0.778169 0.972336 0.043260 0.055328
7 0.712274 0.117828 0.036217 0.071721
11 0.870724 0.214139 0.035211 0.071721
4 0.732897 0.476434 0.035211 0.071721
9 0.791751 0.521516 0.036217 0.071721
5 0.962777 0.544057 0.036217 0.079918
12 0.974849 0.802254 0.034205 0.075820
