6 0.045775 0.454918 0.035211 0.073770
13 0.257042 0.088115 0.037223 0.077869
3 0.142354 0.575820 0.037223 0.069672
12 0.067907 0.862705 0.037223 0.073770
16 0.062877 0.925205 0.039235 0.075820
0 0.053320 0.930328 0.034205 0.069672
1 0.382294 0.559426 0.036217 0.069672
7 0.711771 0.116803 0.035211 0.069672
2 0.540744 0.692623 0.035211 0.077869
10 0.606640 0.638320 0.034205 0.071721
15 0.502012 0.736680 0.034205 0.075820
14 0.520624 0.792008 0.035211 0.071721
4 0.733903 0.475410 0.037223 0.077869
11 0.869718 0.215164 0.037223 0.073770
9 0.791751 0.521516 0.034205 0.071721
8 0.535714 0.974385 0.035211 0.051230
5 0.963280 0.543033 0.035211 0.073770
