15 0.258048 0.757172 0.037223 0.071721
16 0.259054 0.822746 0.043260 0.079918
3 0.089034 0.691598 0.037223 0.075820
10 0.024145 0.846311 0.034205 0.073770
9 0.460262 0.509221 0.035211 0.075820
8 0.284708 0.894467 0.036217 0.075820
12 0.309859 0.839139 0.036217 0.071721
6 0.544266 0.032787 0.038229 0.061475
4 0.786217 0.033811 0.035211 0.063525
1 0.985412 0.355533 0.029175 0.071721
5 0.981388 0.447746 0.037223 0.071721
14 0.888833 0.720287 0.035211 0.067623
13 0.850101 0.747951 0.038229 0.073770
11 0.730382 0.975410 0.034205 0.049180
0 0.212777 0.883197 0.037223 0.073770
