5 0.057652 0.827292 0.039832 0.081023
7 0.483229 0.667377 0.039832 0.081023
10 0.833333 0.471215 0.039832 0.081023
15 0.181342 0.10661 0.039832 0.081023
11 0.862683 0.533049 0.039832 0.081023
2 0.222222 0.618337 0.039832 0.081023
4 0.756813 0.095949 0.039832 0.081023
8 0.897275 0.914712 0.039832 0.081023
14 0.925577 0.752665 0.039832 0.081023
0 0.568134 0.341151 0.039832 0.081023
1 0.436059 0.635394 0.037736 0.076759
12 0.590147 0.80597 0.039832 0.081023
9 0.802935 0.507463 0.033543 0.06823
3 0.780922 0.471215 0.039832 0.081023
