12 0.134809 0.527664 0.036217 0.071721
5 0.223340 0.488730 0.034205 0.067623
11 0.220322 0.632172 0.036217 0.071721
3 0.297284 0.619877 0.035211 0.071721
9 0.668008 0.039959 0.038229 0.071721
1 0.821932 0.142418 0.036217 0.071721
7 0.935111 0.120902 0.035211 0.069672
13 0.978370 0.104508 0.035211 0.073770
14 0.960765 0.206967 0.034205 0.069672
6 0.979879 0.330943 0.032193 0.071721
2 0.961771 0.514344 0.034205 0.073770
15 0.754527 0.626025 0.036217 0.071721
4 0.895875 0.900615 0.035211 0.071721
8 0.984909 0.900615 0.030181 0.075820
0 0.747485 0.965164 0.034205 0.065574
