3 0.235412 0.464139 0.032193 0.067623
15 0.094567 0.150615 0.034205 0.067623
8 0.076962 0.726434 0.035211 0.071721
2 0.039235 0.818648 0.036217 0.075820
10 0.284205 0.717213 0.033199 0.065574
1 0.296781 0.786885 0.034205 0.069672
12 0.305835 0.850410 0.034205 0.073770
6 0.543763 0.032787 0.035211 0.061475
0 0.680584 0.588115 0.037223 0.073770
9 0.599095 0.771516 0.035211 0.075820
5 0.981388 0.449795 0.033199 0.075820
14 0.885312 0.733607 0.036217 0.073770
13 0.936117 0.838115 0.037223 0.073770
11 0.875252 0.954918 0.034205 0.073770
4 0.786217 0.034836 0.037223 0.065574
