4 0.250000 0.175205 0.035211 0.067623
1 0.682596 0.034836 0.037223 0.065574
12 0.665493 0.447746 0.035211 0.071721
15 0.660966 0.590164 0.034205 0.069672
10 0.703722 0.579918 0.035211 0.073770
3 0.809859 0.423156 0.036217 0.071721
9 0.772636 0.467213 0.036217 0.073770
7 0.835010 0.468238 0.036217 0.071721
14 0.836016 0.530738 0.034205 0.069672
5 0.805835 0.565574 0.034205 0.073770
12 0.793763 0.673156 0.036217 0.071721
11 0.954225 0.503074 0.035211 0.071721
6 0.938632 0.613730 0.034205 0.067623
8 0.793260 0.838115 0.035211 0.069672
2 0.734909 0.922131 0.035211 0.069672
0 0.932093 0.936475 0.035211 0.069672
