12 0.134809 0.529713 0.034205 0.071721
5 0.222837 0.488730 0.035211 0.067623
11 0.219819 0.632172 0.035211 0.071721
3 0.296781 0.620902 0.036217 0.069672
9 0.667505 0.035861 0.033199 0.067623
1 0.842555 0.112705 0.035211 0.069672
7 0.935614 0.121926 0.036217 0.071721
13 0.980382 0.108607 0.033199 0.073770
14 0.984909 0.230533 0.030181 0.071721
6 0.973843 0.348361 0.036217 0.069672
2 0.950201 0.497951 0.033199 0.069672
0 0.987425 0.521516 0.025151 0.075820
16 0.984406 0.816598 0.031187 0.084016
8 0.985915 0.881148 0.028169 0.065574
15 0.753521 0.626025 0.036217 0.071721
