13 0.325453 0.057377 0.035211 0.065574
3 0.430584 0.275615 0.036217 0.079918
7 0.364688 0.697746 0.035211 0.071721
10 0.077968 0.841189 0.037223 0.075820
15 0.368209 0.931352 0.036217 0.071721
11 0.550805 0.673156 0.039235 0.084016
2 0.461268 0.889344 0.037223 0.077869
8 0.448692 0.965164 0.042254 0.069672
0 0.521127 0.186475 0.036217 0.077869
16 0.693662 0.517418 0.039235 0.079918
14 0.723340 0.546107 0.034205 0.075820
9 0.677062 0.122951 0.036217 0.073770
6 0.486922 0.935451 0.036217 0.067623
5 0.954728 0.893443 0.038229 0.073770
4 0.735412 0.476434 0.038229 0.075820
