0 0.503018 0.505123 0.036217 0.075820
16 0.067404 0.034836 0.044266 0.065574
6 0.047787 0.460041 0.041247 0.079918
10 0.169014 0.389344 0.036217 0.077869
13 0.117203 0.220287 0.041247 0.084016
7 0.084004 0.701844 0.043260 0.079918
3 0.221831 0.825820 0.035211 0.077869
9 0.676559 0.125000 0.035211 0.077869
5 0.332998 0.177254 0.034205 0.079918
4 0.735412 0.477459 0.040241 0.077869
14 0.723843 0.549180 0.039235 0.077869
15 0.233903 0.930328 0.035211 0.073770
11 0.106137 0.961066 0.043260 0.073770
2 0.385815 0.938525 0.037223 0.073770
2 0.475352 0.974385 0.041247 0.051230
