16 0.683099 0.975410 0.036217 0.049180
0 0.682596 0.981557 0.025151 0.036885
1 0.382294 0.560451 0.034205 0.071721
12 0.094567 0.880123 0.034205 0.067623
13 0.390342 0.048156 0.034205 0.071721
2 0.540744 0.691598 0.035211 0.075820
15 0.502012 0.734631 0.034205 0.071721
4 0.733903 0.476434 0.035211 0.071721
10 0.606137 0.639344 0.033199 0.069672
9 0.770121 0.438525 0.033199 0.073770
3 0.707746 0.670082 0.035211 0.077869
5 0.819920 0.614754 0.034205 0.069672
7 0.834507 0.468238 0.037223 0.067623
14 0.835010 0.530738 0.036217 0.069672
11 0.970322 0.505123 0.035211 0.075820
6 0.694165 0.923156 0.036217 0.071721
8 0.536217 0.974385 0.038229 0.051230
