1 0.291247 0.415984 0.035211 0.069672
12 0.497988 0.373975 0.034205 0.071721
11 0.417002 0.777664 0.035211 0.071721
2 0.657445 0.118852 0.033199 0.073770
5 0.590040 0.473361 0.033199 0.065574
14 0.737425 0.171107 0.032193 0.071721
0 0.720825 0.540984 0.033199 0.069672
9 0.762575 0.513320 0.034205 0.071721
6 0.816398 0.417008 0.033199 0.067623
7 0.806338 0.530738 0.035211 0.069672
15 0.762575 0.601434 0.034205 0.067623
3 0.660463 0.906762 0.035211 0.067623
13 0.844567 0.741803 0.033199 0.073770
8 0.860664 0.825820 0.033199 0.069672
4 0.822938 0.959016 0.034205 0.069672
