8 0.369215 0.349385 0.034205 0.067623
1 0.446680 0.588115 0.034205 0.065574
12 0.505030 0.781762 0.032193 0.071721
0 0.586519 0.505123 0.032193 0.067623
2 0.532696 0.299180 0.033199 0.069672
6 0.777163 0.316598 0.033199 0.067623
13 0.722334 0.550205 0.034205 0.067623
15 0.674044 0.754098 0.034205 0.069672
10 0.781690 0.473361 0.032193 0.065574
9 0.808853 0.505123 0.032193 0.063525
3 0.835513 0.536885 0.031187 0.065574
4 0.874245 0.524590 0.034205 0.065574
11 0.807847 0.566598 0.034205 0.063525
5 0.874245 0.625000 0.034205 0.065574
14 0.864185 0.952869 0.032193 0.065574
