1 0.192348 0.211087 0.032495 0.063966
7 0.313941 0.127932 0.032495 0.063966
5 0.335430 0.412580 0.031447 0.066098
4 0.681866 0.110874 0.032495 0.068230
13 0.840671 0.038380 0.031447 0.063966
3 0.779874 0.471215 0.031447 0.068230
9 0.806080 0.503198 0.031447 0.063966
10 0.832809 0.472281 0.032495 0.066098
11 0.830189 0.539446 0.033543 0.063966
0 0.420860 0.847548 0.034591 0.066098
2 0.901992 0.676972 0.032495 0.066098
14 0.949686 0.640725 0.031447 0.066098
8 0.978512 0.925373 0.032495 0.068230
16 0.616352 0.033049 0.041929 0.061834
