13 0.115694 0.219262 0.036217 0.069672
6 0.044769 0.455943 0.035211 0.071721
10 0.168511 0.389344 0.037223 0.073770
5 0.331489 0.176230 0.035211 0.073770
1 0.215795 0.576844 0.035211 0.071721
7 0.083501 0.700820 0.038229 0.073770
3 0.221831 0.826844 0.037223 0.075820
11 0.105131 0.959016 0.037223 0.069672
15 0.232897 0.928279 0.035211 0.069672
2 0.385815 0.938525 0.035211 0.073770
8 0.536720 0.974385 0.039235 0.051230
4 0.733903 0.477459 0.035211 0.073770
9 0.792254 0.522541 0.035211 0.069672
14 0.851107 0.654713 0.036217 0.075820
0 0.960262 0.690574 0.037223 0.073770
16 0.976358 0.740779 0.041247 0.079918
12 0.975352 0.804303 0.039235 0.067623
