12 0.337525 0.404713 0.035211 0.071721
3 0.088028 0.689549 0.035211 0.067623
10 0.023139 0.843238 0.036217 0.067623
15 0.170523 0.795082 0.039235 0.077869
8 0.285211 0.891393 0.035211 0.073770
6 0.544266 0.031762 0.036217 0.059426
4 0.785211 0.034836 0.039235 0.065574
1 0.985915 0.353484 0.028169 0.075820
5 0.981891 0.447746 0.034205 0.071721
14 0.888833 0.719262 0.035211 0.073770
13 0.850604 0.747951 0.035211 0.073770
9 0.767103 0.865779 0.035211 0.075820
11 0.729376 0.974385 0.036217 0.051230
