13 0.116197 0.220287 0.035211 0.071721
6 0.046278 0.455943 0.036217 0.071721
10 0.169517 0.387295 0.035211 0.069672
5 0.446177 0.046107 0.037223 0.071721
1 0.216298 0.576844 0.034205 0.067623
7 0.071932 0.738730 0.039235 0.071721
3 0.223843 0.825820 0.035211 0.073770
11 0.105634 0.960041 0.038229 0.067623
15 0.235915 0.928279 0.037223 0.069672
2 0.386318 0.936475 0.034205 0.069672
8 0.536720 0.975410 0.039235 0.049180
4 0.734406 0.475410 0.036217 0.073770
9 0.792254 0.520492 0.035211 0.073770
14 0.830986 0.682377 0.038229 0.073770
12 0.975352 0.803279 0.035211 0.073770
