8 0.077465 0.728484 0.032193 0.071721
2 0.039738 0.818648 0.035211 0.071721
1 0.296781 0.785861 0.034205 0.067623
12 0.306338 0.852459 0.033199 0.065574
15 0.416499 0.261270 0.032193 0.067623
6 0.543763 0.029713 0.031187 0.055328
10 0.801308 0.266393 0.033199 0.069672
0 0.816901 0.495902 0.034205 0.073770
3 0.893863 0.164959 0.033199 0.067623
4 0.785714 0.032787 0.036217 0.061475
5 0.943662 0.494877 0.034205 0.067623
14 0.884809 0.731557 0.033199 0.069672
9 0.968310 0.226434 0.035211 0.071721
13 0.981891 0.135246 0.034205 0.069672
11 0.875755 0.954918 0.035211 0.069672
