14 0.426056 0.290984 0.035211 0.069672
2 0.414990 0.377049 0.039235 0.069672
1 0.048290 0.473361 0.038229 0.069672
12 0.127264 0.532787 0.039235 0.069672
5 0.232897 0.490779 0.037223 0.071721
11 0.219316 0.632172 0.038229 0.071721
3 0.312374 0.637295 0.035211 0.069672
6 0.726358 0.329918 0.034205 0.069672
0 0.684105 0.570697 0.034205 0.067623
9 0.735412 0.498975 0.038229 0.075820
7 0.772636 0.551230 0.036217 0.073770
15 0.754024 0.626025 0.037223 0.067623
13 0.775654 0.744877 0.036217 0.071721
4 0.815392 0.819672 0.035211 0.073770
8 0.939135 0.852459 0.037223 0.065574
