9 0.667002 0.038934 0.034205 0.069672
12 0.134306 0.528689 0.035211 0.069672
5 0.222837 0.488730 0.033199 0.067623
11 0.219316 0.632172 0.034205 0.071721
3 0.297787 0.620902 0.034205 0.069672
15 0.753521 0.626025 0.034205 0.067623
1 0.843058 0.114754 0.034205 0.073770
7 0.935614 0.122951 0.036217 0.069672
13 0.980885 0.110656 0.034205 0.069672
14 0.984909 0.229508 0.030181 0.069672
6 0.973340 0.347336 0.033199 0.067623
2 0.950704 0.496926 0.034205 0.063525
16 0.972334 0.977459 0.035211 0.045082
0 0.967304 0.970287 0.035211 0.059426
