15 0.299296 0.553279 0.035211 0.073770
1 0.296781 0.796107 0.034205 0.071721
2 0.204225 0.845287 0.034205 0.071721
8 0.069920 0.907787 0.033199 0.069672
12 0.247988 0.975410 0.037223 0.049180
13 0.626761 0.380123 0.034205 0.067623
6 0.543260 0.029713 0.034205 0.055328
10 0.801308 0.265369 0.033199 0.071721
4 0.785714 0.032787 0.032193 0.061475
3 0.910463 0.132172 0.032193 0.067623
0 0.937626 0.325820 0.032193 0.069672
9 0.971831 0.233607 0.034205 0.069672
14 0.887324 0.733607 0.032193 0.065574
11 0.875755 0.955943 0.033199 0.063525
6 0.941147 0.526639 0.033199 0.069672
