16 0.703644 0.506803 0.030769 0.064626
11 0.811336 0.534014 0.030769 0.064626
13 0.838057 0.445578 0.030769 0.064626
0 0.235628 0.510204 0.030769 0.064626
12 0.787854 0.566327 0.030769 0.064626
15 0.838866 0.505102 0.030769 0.064626
1 0.729555 0.498299 0.030769 0.064626
3 0.757085 0.47449 0.024291 0.05102
10 0.811336 0.469388 0.030769 0.064626
14 0.811336 0.593537 0.030769 0.064626
7 0.756275 0.535714 0.025911 0.054422
5 0.834008 0.380952 0.024291 0.05102
2 0.782186 0.442177 0.024291 0.05102
8 0.834008 0.568027 0.030769 0.064626
4 0.809717 0.411565 0.02753 0.057823
