7 0.946115 0.063291 0.0401 0.081013
8 0.587719 0.35443 0.0401 0.081013
9 0.686717 0.248101 0.045113 0.091139
0 0.716792 0.792405 0.0401 0.081013
12 0.931078 0.767089 0.045113 0.091139
5 0.389724 0.713924 0.0401 0.081013
2 0.304511 0.073418 0.0401 0.081013
4 0.357143 0.941772 0.045113 0.091139
6 0.825815 0.75443 0.0401 0.081013
10 0.760652 0.524051 0.045113 0.091139
11 0.761905 0.64557 0.042607 0.086076
3 0.686717 0.073418 0.045113 0.091139
1 0.578947 0.76962 0.0401 0.081013
15 0.730576 0.437975 0.042607 0.086076
14 0.977444 0.374684 0.045113 0.091139
