11 0.170139 0.514085 0.032407 0.065728
16 0.198495 0.488263 0.038194 0.075117
0 0.209491 0.509390 0.034722 0.065728
2 0.180556 0.406103 0.037037 0.065728
3 0.023727 0.099765 0.035880 0.068075
8 0.140046 0.049296 0.034722 0.065728
15 0.328704 0.245305 0.034722 0.072770
5 0.479745 0.038732 0.033565 0.068075
9 0.619213 0.044601 0.034722 0.065728
1 0.697338 0.102113 0.033565 0.068075
6 0.839699 0.401408 0.035880 0.065728
12 0.701389 0.591549 0.034722 0.070423
10 0.788194 0.589202 0.034722 0.070423
13 0.832176 0.532864 0.034722 0.070423
4 0.648727 0.929577 0.035880 0.065728
7 0.789931 0.903756 0.033565 0.070423
