12 0.868421 0.420253 0.045113 0.091139
10 0.036341 0.131646 0.0401 0.081013
8 0.06015 0.665823 0.0401 0.081013
1 0.085213 0.759494 0.0401 0.081013
5 0.281955 0.356962 0.045113 0.091139
11 0.33208 0.301266 0.045113 0.091139
0 0.501253 0.549367 0.037594 0.075949
6 0.873434 0.713924 0.0401 0.081013
7 0.02005 0.805063 0.0401 0.081013
15 0.156642 0.205063 0.0401 0.081013
13 0.56391 0.235443 0.0401 0.081013
9 0.577694 0.298734 0.045113 0.091139
4 0.77193 0.468354 0.0401 0.081013
2 0.061404 0.194937 0.0401 0.081013
