3 0.521303 0.508861 0.042607 0.086076
7 0.241855 0.703797 0.045113 0.091139
16 0.842105 0.635443 0.045113 0.091139
0 0.700501 0.949367 0.0401 0.081013
11 0.33208 0.298734 0.045113 0.091139
12 0.969925 0.850633 0.045113 0.091139
13 0.565163 0.235443 0.045113 0.091139
1 0.085213 0.759494 0.045113 0.091139
15 0.210526 0.513924 0.045113 0.091139
4 0.769424 0.470886 0.0401 0.081013
6 0.89599 0.724051 0.042607 0.086076
8 0.06015 0.668354 0.0401 0.081013
2 0.061404 0.194937 0.0401 0.081013
5 0.330827 0.579747 0.045113 0.091139
9 0.577694 0.298734 0.045113 0.091139
14 0.853383 0.577215 0.042607 0.086076
10 0.036341 0.126582 0.042607 0.086076
