3 0.024306 0.100939 0.034722 0.070423
8 0.139468 0.048122 0.035880 0.068075
2 0.179977 0.404930 0.035880 0.072770
11 0.171296 0.514085 0.037037 0.070423
15 0.328704 0.244131 0.037037 0.070423
5 0.479745 0.038732 0.033565 0.068075
9 0.619792 0.045775 0.035880 0.072770
1 0.696759 0.103286 0.032407 0.070423
0 0.408565 0.915493 0.037037 0.075117
12 0.701389 0.591549 0.034722 0.070423
6 0.839120 0.401408 0.037037 0.075117
16 0.761574 0.619718 0.039352 0.084507
10 0.791088 0.588028 0.033565 0.072770
13 0.832755 0.536385 0.033565 0.077465
7 0.791088 0.903756 0.035880 0.070423
4 0.649306 0.929577 0.039352 0.070423
