11 0.170139 0.514085 0.032407 0.070423
16 0.201389 0.498826 0.037037 0.077465
0 0.200231 0.498826 0.023148 0.049296
2 0.179398 0.407277 0.034722 0.063380
3 0.024306 0.099765 0.032407 0.068075
8 0.139468 0.048122 0.033565 0.063380
15 0.328704 0.244131 0.034722 0.070423
5 0.479167 0.037559 0.034722 0.065728
9 0.619213 0.043427 0.034722 0.072770
1 0.697338 0.103286 0.033565 0.070423
12 0.700810 0.591549 0.033565 0.070423
6 0.839699 0.401408 0.033565 0.065728
13 0.832755 0.534038 0.033565 0.072770
10 0.788773 0.588028 0.033565 0.072770
4 0.648727 0.929577 0.035880 0.070423
7 0.789931 0.903756 0.033565 0.070423
