0 0.251736 0.974178 0.035880 0.051643
3 0.753472 0.501174 0.032407 0.063380
16 0.755208 0.570423 0.040509 0.075117
8 0.779514 0.473005 0.031250 0.068075
1 0.806134 0.441315 0.033565 0.070423
5 0.831597 0.409624 0.033565 0.068075
6 0.859954 0.379108 0.034722 0.068075
14 0.859375 0.442488 0.033565 0.058685
2 0.831019 0.470657 0.032407 0.058685
9 0.806713 0.502347 0.030093 0.061033
12 0.780093 0.535211 0.030093 0.065728
4 0.805556 0.563380 0.030093 0.065728
13 0.831597 0.531690 0.031250 0.063380
7 0.859375 0.502347 0.033565 0.065728
15 0.859954 0.564554 0.034722 0.063380
11 0.832176 0.599765 0.032407 0.077465
10 0.859375 0.627934 0.038194 0.072770
