8 0.131138 0.164319 0.032366 0.070423
16 0.154576 0.203052 0.039062 0.077465
3 0.564174 0.320423 0.034598 0.072770
9 0.609375 0.261737 0.037946 0.068075
10 0.644531 0.458920 0.034598 0.068075
15 0.771205 0.201878 0.033482 0.070423
4 0.920201 0.273474 0.036830 0.068075
11 0.938616 0.180751 0.033482 0.070423
5 0.853795 0.320423 0.033482 0.068075
14 0.814732 0.488263 0.035714 0.075117
6 0.789621 0.590376 0.034598 0.068075
1 0.804129 0.649061 0.036830 0.068075
0 0.918527 0.879108 0.033482 0.072770
2 0.681362 0.969484 0.034598 0.061033
13 0.952009 0.973005 0.033482 0.053991
