2 0.181134 0.403756 0.035880 0.075117
11 0.170718 0.514085 0.035880 0.070423
8 0.140046 0.048122 0.037037 0.068075
3 0.023148 0.100939 0.037037 0.070423
15 0.328704 0.245305 0.037037 0.077465
5 0.480324 0.038732 0.037037 0.068075
1 0.697338 0.102113 0.035880 0.068075
9 0.619213 0.045775 0.034722 0.072770
12 0.701968 0.591549 0.035880 0.075117
10 0.788194 0.588028 0.037037 0.072770
13 0.833912 0.534038 0.035880 0.072770
6 0.839699 0.404930 0.035880 0.072770
0 0.409144 0.911972 0.035880 0.072770
16 0.618056 0.933099 0.039352 0.082160
4 0.651042 0.930751 0.031250 0.077465
7 0.790509 0.903756 0.037037 0.075117
