3 0.024306 0.099765 0.034722 0.068075
8 0.140046 0.049296 0.037037 0.070423
2 0.179977 0.406103 0.038194 0.075117
11 0.171296 0.516432 0.037037 0.070423
15 0.328704 0.244131 0.037037 0.075117
16 0.468171 0.093897 0.040509 0.070423
5 0.480324 0.036385 0.037037 0.068075
9 0.619213 0.044601 0.034722 0.070423
1 0.697338 0.104460 0.033565 0.072770
12 0.701389 0.590376 0.037037 0.072770
0 0.409144 0.914319 0.035880 0.068075
6 0.839699 0.403756 0.038194 0.070423
10 0.788194 0.589202 0.037037 0.075117
13 0.832755 0.535211 0.035880 0.075117
4 0.649306 0.929577 0.034722 0.070423
7 0.789931 0.903756 0.033565 0.075117
