3 0.024306 0.102113 0.032407 0.068075
2 0.180556 0.406103 0.034722 0.070423
11 0.170718 0.515258 0.035880 0.068075
8 0.139468 0.048122 0.033565 0.068075
15 0.328704 0.245305 0.034722 0.068075
5 0.480324 0.039906 0.034722 0.065728
9 0.619792 0.045775 0.033565 0.063380
1 0.697338 0.104460 0.033565 0.068075
6 0.839120 0.401408 0.032407 0.070423
13 0.832755 0.535211 0.033565 0.070423
10 0.789352 0.585681 0.034722 0.063380
12 0.701968 0.590376 0.033565 0.068075
16 0.781250 0.646714 0.037037 0.072770
0 0.793981 0.672535 0.032407 0.063380
7 0.789352 0.902582 0.034722 0.072770
4 0.648727 0.929577 0.033565 0.065728
