2 0.180556 0.407277 0.034722 0.068075
11 0.170718 0.516432 0.035880 0.065728
0 0.063079 0.203052 0.033565 0.063380
3 0.024306 0.098592 0.037037 0.065728
16 0.028935 0.164319 0.037037 0.075117
8 0.140046 0.048122 0.034722 0.068075
15 0.328704 0.245305 0.034722 0.068075
5 0.480324 0.036385 0.034722 0.063380
9 0.619213 0.044601 0.034722 0.070423
1 0.697338 0.102113 0.033565 0.068075
6 0.840278 0.401408 0.034722 0.065728
13 0.832176 0.530516 0.034722 0.070423
10 0.788773 0.588028 0.035880 0.068075
12 0.701389 0.590376 0.034722 0.068075
7 0.789352 0.901408 0.034722 0.070423
4 0.648727 0.929577 0.035880 0.065728
