0 0.616541 0.496203 0.045113 0.091139
7 0.29198 0.521519 0.045113 0.091139
14 0.634085 0.597468 0.042607 0.086076
11 0.843358 0.934177 0.0401 0.081013
6 0.870927 0.643038 0.0401 0.081013
3 0.743108 0.559494 0.042607 0.086076
13 0.807018 0.086076 0.045113 0.091139
2 0.822055 0.250633 0.045113 0.091139
5 0.776942 0.468354 0.0401 0.081013
15 0.508772 0.718987 0.0401 0.081013
1 0.798246 0.607595 0.037594 0.075949
4 0.229323 0.865823 0.0401 0.081013
9 0.803258 0.498734 0.042607 0.086076
10 0.566416 0.898734 0.042607 0.086076
