11 0.171296 0.515258 0.034722 0.063380
2 0.179398 0.406103 0.034722 0.065728
16 0.189815 0.464789 0.039352 0.075117
0 0.205440 0.497653 0.033565 0.065728
3 0.024306 0.100939 0.034722 0.070423
8 0.139468 0.046948 0.035880 0.070423
15 0.328125 0.244131 0.035880 0.070423
5 0.479167 0.038732 0.034722 0.068075
9 0.619213 0.044601 0.037037 0.070423
1 0.696759 0.104460 0.034722 0.072770
12 0.701389 0.590376 0.034722 0.068075
6 0.840278 0.400235 0.034722 0.068075
10 0.788194 0.589202 0.037037 0.075117
13 0.832176 0.532864 0.037037 0.075117
4 0.649306 0.928404 0.034722 0.072770
7 0.789352 0.901408 0.034722 0.075117
