2 0.180556 0.406103 0.034722 0.075117
11 0.171296 0.515258 0.034722 0.072770
15 0.328704 0.245305 0.034722 0.072770
8 0.138889 0.050469 0.034722 0.072770
3 0.024884 0.100939 0.035880 0.070423
5 0.479167 0.036385 0.034722 0.068075
16 0.666088 0.120892 0.038194 0.077465
1 0.699653 0.102113 0.031250 0.072770
9 0.618634 0.045775 0.035880 0.072770
0 0.409722 0.914319 0.037037 0.077465
12 0.701389 0.590376 0.037037 0.068075
6 0.839699 0.402582 0.035880 0.072770
13 0.832176 0.535211 0.034722 0.075117
10 0.788194 0.588028 0.037037 0.072770
4 0.649306 0.929577 0.039352 0.075117
7 0.789352 0.906103 0.034722 0.075117
