7 0.537594 0.749367 0.0401 0.081013
0 0.878446 0.762025 0.0401 0.081013
10 0.906015 0.283544 0.045113 0.091139
13 0.676692 0.063291 0.0401 0.081013
12 0.555138 0.427848 0.045113 0.091139
5 0.978697 0.602532 0.0401 0.081013
2 0.913534 0.053165 0.0401 0.081013
6 0.641604 0.789873 0.042607 0.086076
1 0.611529 0.222785 0.037594 0.075949
14 0.720551 0.913924 0.0401 0.081013
15 0.630326 0.121519 0.045113 0.091139
11 0.87218 0.688608 0.045113 0.091139
8 0.04386 0.131646 0.0401 0.081013
9 0.709273 0.367089 0.042607 0.086076
3 0.847118 0.741772 0.045113 0.091139
4 0.367168 0.916456 0.0401 0.081013
