0 0.87594 0.908861 0.0401 0.081013
1 0.43609 0.577215 0.045113 0.091139
7 0.29198 0.946835 0.0401 0.081013
6 0.364662 0.253165 0.0401 0.081013
10 0.879699 0.065823 0.042607 0.086076
8 0.402256 0.556962 0.0401 0.081013
9 0.611529 0.260759 0.045113 0.091139
2 0.725564 0.217722 0.0401 0.081013
3 0.681704 0.225316 0.042607 0.086076
15 0.224311 0.250633 0.045113 0.091139
12 0.197995 0.377215 0.045113 0.091139
5 0.934837 0.706329 0.0401 0.081013
13 0.555138 0.232911 0.037594 0.075949
14 0.503759 0.858228 0.042607 0.086076
11 0.838346 0.698734 0.0401 0.081013
4 0.210526 0.483544 0.042607 0.086076
