12 0.300752 0.38481 0.045113 0.091139
5 0.601504 0.582278 0.045113 0.091139
0 0.506266 0.496203 0.0401 0.081013
2 0.586466 0.070886 0.0401 0.081013
10 0.255639 0.708861 0.047619 0.096203
3 0.830827 0.529114 0.045113 0.091139
14 0.710526 0.187342 0.042607 0.086076
6 0.892231 0.951899 0.0401 0.081013
15 0.224311 0.956962 0.0401 0.081013
9 0.793233 0.516456 0.0401 0.081013
1 0.803258 0.76962 0.042607 0.086076
13 0.028822 0.736709 0.0401 0.081013
7 0.703008 0.475949 0.047619 0.096203
4 0.156642 0.607595 0.0401 0.081013
8 0.045113 0.807595 0.0401 0.081013
