10 0.528822 0.359494 0.045113 0.091139
8 0.452381 0.782278 0.0401 0.081013
1 0.254386 0.146835 0.0401 0.081013
15 0.978697 0.146835 0.045113 0.091139
6 0.590226 0.822785 0.0401 0.081013
0 0.745614 0.688608 0.0401 0.081013
7 0.70802 0.501266 0.0401 0.081013
11 0.825815 0.496203 0.045113 0.091139
3 0.441103 0.916456 0.042607 0.086076
13 0.93609 0.096203 0.042607 0.086076
5 0.234336 0.572152 0.0401 0.081013
2 0.76817 0.440506 0.0401 0.081013
14 0.773183 0.592405 0.042607 0.086076
12 0.844612 0.56962 0.042607 0.086076
9 0.704261 0.658228 0.042607 0.086076
4 0.744361 0.377215 0.0401 0.081013
