3 0.023727 0.098592 0.035880 0.065728
16 0.034144 0.161972 0.038194 0.079812
2 0.180556 0.406103 0.037037 0.070423
0 0.258102 0.404930 0.034722 0.072770
11 0.170718 0.514085 0.035880 0.070423
8 0.140046 0.048122 0.034722 0.068075
15 0.328704 0.244131 0.037037 0.079812
5 0.480324 0.039906 0.037037 0.075117
9 0.620370 0.045775 0.037037 0.068075
1 0.697338 0.103286 0.035880 0.070423
12 0.701968 0.589202 0.038194 0.070423
10 0.789352 0.588028 0.037037 0.072770
6 0.839120 0.402582 0.037037 0.072770
13 0.832755 0.532864 0.035880 0.075117
4 0.649306 0.928404 0.037037 0.072770
7 0.789352 0.902582 0.037037 0.068075
