2 0.179977 0.406103 0.035880 0.070423
11 0.171296 0.512911 0.037037 0.068075
3 0.023727 0.100939 0.035880 0.070423
8 0.139468 0.049296 0.035880 0.065728
15 0.328704 0.245305 0.037037 0.072770
5 0.479745 0.039906 0.035880 0.070423
9 0.618634 0.045775 0.035880 0.068075
1 0.697338 0.103286 0.033565 0.065728
12 0.701968 0.591549 0.035880 0.070423
6 0.840278 0.402582 0.034722 0.068075
10 0.788773 0.589202 0.038194 0.075117
13 0.832755 0.534038 0.033565 0.068075
0 0.909144 0.510563 0.035880 0.068075
4 0.649306 0.929577 0.037037 0.070423
7 0.789352 0.901408 0.037037 0.061033
16 0.794560 0.840376 0.040509 0.075117
