6 0.199248 0.23038 0.0401 0.081013
0 0.273183 0.293671 0.0401 0.081013
10 0.095238 0.377215 0.0401 0.081013
5 0.353383 0.486076 0.0401 0.081013
1 0.055138 0.04557 0.0401 0.081013
7 0.184211 0.886076 0.0401 0.081013
2 0.749373 0.931646 0.0401 0.081013
11 0.675439 0.962025 0.0401 0.081013
12 0.422306 0.24557 0.0401 0.081013
3 0.338346 0.635443 0.0401 0.081013
8 0.274436 0.675949 0.0401 0.081013
14 0.776942 0.465823 0.0401 0.081013
4 0.572682 0.326582 0.042607 0.086076
9 0.803258 0.498734 0.042607 0.086076
13 0.530075 0.324051 0.0401 0.081013
15 0.239348 0.410127 0.037594 0.075949
