10 0.142857 0.544304 0.0401 0.081013
6 0.35589 0.503797 0.0401 0.081013
7 0.18797 0.802532 0.0401 0.081013
8 0.087719 0.650633 0.0401 0.081013
12 0.558897 0.124051 0.0401 0.081013
5 0.408521 0.529114 0.0401 0.081013
2 0.749373 0.929114 0.0401 0.081013
13 0.670426 0.531646 0.0401 0.081013
14 0.776942 0.465823 0.0401 0.081013
1 0.263158 0.44557 0.037594 0.075949
3 0.501253 0.8 0.0401 0.081013
11 0.704261 0.921519 0.0401 0.081013
0 0.389724 0.453165 0.0401 0.081013
4 0.677945 0.217722 0.0401 0.081013
9 0.803258 0.498734 0.042607 0.086076
15 0.035088 0.873418 0.037594 0.075949
