3 0.564174 0.320423 0.034598 0.068075
10 0.643415 0.460094 0.036830 0.070423
8 0.131696 0.167840 0.035714 0.072770
6 0.790179 0.589202 0.033482 0.065728
1 0.804129 0.652582 0.032366 0.065728
14 0.814174 0.487089 0.034598 0.068075
9 0.609933 0.261737 0.036830 0.068075
15 0.770089 0.201878 0.031250 0.070423
5 0.853795 0.321596 0.033482 0.070423
4 0.920759 0.273474 0.033482 0.068075
11 0.938616 0.180751 0.033482 0.070423
2 0.682478 0.968310 0.036830 0.063380
0 0.918527 0.877934 0.033482 0.070423
16 0.945312 0.923709 0.037946 0.072770
13 0.951451 0.974178 0.034598 0.051643
