11 0.171875 0.514085 0.033565 0.070423
2 0.181134 0.406103 0.035880 0.070423
3 0.023148 0.100939 0.037037 0.070423
8 0.139468 0.049296 0.035880 0.065728
15 0.328704 0.245305 0.034722 0.072770
5 0.480324 0.039906 0.034722 0.065728
9 0.619213 0.045775 0.034722 0.068075
1 0.696759 0.103286 0.034722 0.065728
6 0.840278 0.402582 0.034722 0.068075
13 0.832176 0.532864 0.032407 0.070423
10 0.788194 0.588028 0.034722 0.068075
12 0.701389 0.590376 0.034722 0.068075
7 0.788773 0.901408 0.033565 0.070423
16 0.815972 0.933099 0.037037 0.072770
0 0.826968 0.924883 0.031250 0.065728
4 0.648727 0.927230 0.033565 0.065728
