16 0.693080 0.529343 0.035714 0.077465
0 0.234375 0.975352 0.033482 0.049296
12 0.721540 0.503521 0.030134 0.068075
3 0.744978 0.470657 0.030134 0.058685
5 0.770089 0.443662 0.031250 0.070423
10 0.795759 0.409624 0.031250 0.063380
14 0.821429 0.377934 0.031250 0.061033
6 0.744978 0.535211 0.030134 0.065728
9 0.770647 0.503521 0.030134 0.058685
11 0.795759 0.470657 0.031250 0.063380
15 0.822545 0.442488 0.031250 0.058685
8 0.823103 0.501174 0.027902 0.058685
1 0.796317 0.532864 0.030134 0.061033
7 0.770647 0.564554 0.030134 0.063380
2 0.795759 0.597418 0.029018 0.063380
4 0.821987 0.563380 0.034598 0.065728
13 0.823103 0.625587 0.032366 0.068075
