12 0.951128 0.78481 0.045113 0.091139
7 0.938596 0.081013 0.0401 0.081013
5 0.307018 0.691139 0.0401 0.081013
8 0.572682 0.339241 0.0401 0.081013
9 0.679198 0.240506 0.0401 0.081013
14 0.973684 0.377215 0.045113 0.091139
15 0.696742 0.440506 0.0401 0.081013
10 0.759398 0.524051 0.0401 0.081013
2 0.209273 0.091139 0.0401 0.081013
6 0.825815 0.75443 0.0401 0.081013
11 0.761905 0.64557 0.0401 0.081013
1 0.550125 0.716456 0.042607 0.086076
0 0.671679 0.76962 0.0401 0.081013
3 0.686717 0.073418 0.045113 0.091139
4 0.27193 0.956962 0.042607 0.086076
