8 0.131138 0.166667 0.032366 0.070423
10 0.643973 0.458920 0.033482 0.068075
3 0.564174 0.321596 0.034598 0.070423
9 0.608817 0.260563 0.032366 0.070423
15 0.770647 0.204225 0.034598 0.070423
14 0.814732 0.485915 0.037946 0.070423
5 0.853795 0.321596 0.033482 0.070423
4 0.920759 0.273474 0.033482 0.068075
11 0.938616 0.180751 0.033482 0.070423
2 0.680804 0.968310 0.033482 0.063380
0 0.918527 0.876761 0.033482 0.068075
13 0.951451 0.971831 0.032366 0.056338
16 0.819196 0.573944 0.037946 0.072770
6 0.790737 0.590376 0.036830 0.068075
1 0.803013 0.651408 0.034598 0.063380
