11 0.171296 0.514085 0.034722 0.070423
2 0.179977 0.406103 0.038194 0.070423
3 0.024306 0.100939 0.034722 0.065728
8 0.140046 0.049296 0.037037 0.065728
15 0.328125 0.244131 0.035880 0.070423
5 0.479745 0.038732 0.035880 0.068075
9 0.619213 0.044601 0.037037 0.070423
1 0.697338 0.104460 0.035880 0.072770
6 0.839699 0.402582 0.035880 0.072770
13 0.833912 0.535211 0.035880 0.070423
0 0.908565 0.512911 0.034722 0.072770
16 0.984954 0.502347 0.030093 0.079812
10 0.788773 0.589202 0.035880 0.070423
12 0.701389 0.591549 0.037037 0.070423
4 0.648727 0.929577 0.035880 0.070423
7 0.789352 0.902582 0.034722 0.072770
