6 0.829574 0.589873 0.0401 0.081013
0 0.24812 0.498734 0.0401 0.081013
16 0.720551 0.498734 0.045113 0.091139
14 0.83208 0.463291 0.047619 0.096203
12 0.85589 0.562025 0.0401 0.081013
2 0.85589 0.435443 0.0401 0.081013
8 0.829574 0.405063 0.0401 0.081013
5 0.85589 0.622785 0.0401 0.081013
1 0.802005 0.562025 0.042607 0.086076
10 0.779449 0.526582 0.047619 0.096203
4 0.854637 0.498734 0.047619 0.096203
7 0.776942 0.465823 0.0401 0.081013
13 0.85589 0.372152 0.047619 0.096203
15 0.802005 0.440506 0.042607 0.086076
