16 0.721805 0.356962 0.045113 0.091139
0 0.5 0.498734 0.0401 0.081013
8 0.637845 0.759494 0.045113 0.091139
7 0.75188 0.356962 0.037594 0.075949
4 0.986216 0.407595 0.0401 0.081013
9 0.735589 0.265823 0.045113 0.091139
10 0.64411 0.210127 0.037594 0.075949
5 0.501253 0.734177 0.0401 0.081013
1 0.798246 0.802532 0.0401 0.081013
12 0.274436 0.967089 0.037594 0.075949
15 0.473684 0.124051 0.0401 0.081013
13 0.606516 0.227848 0.0401 0.081013
2 0.830827 0.529114 0.0401 0.081013
3 0.022556 0.693671 0.045113 0.091139
14 0.362155 0.964557 0.0401 0.081013
