0 0.897243 0.283544 0.0401 0.081013
14 0.85589 0.227848 0.045113 0.091139
10 0.716792 0.248101 0.045113 0.091139
13 0.600251 0.372152 0.045113 0.091139
15 0.671679 0.729114 0.045113 0.091139
12 0.839599 0.635443 0.045113 0.091139
3 0.983709 0.073418 0.042607 0.086076
1 0.763158 0.364557 0.0401 0.081013
8 0.863409 0.362025 0.0401 0.081013
2 0.669173 0.916456 0.045113 0.091139
6 0.62406 0.075949 0.045113 0.091139
4 0.645363 0.843038 0.0401 0.081013
11 0.799499 0.562025 0.037594 0.075949
