10 0.85589 0.437975 0.0401 0.081013
12 0.779449 0.526582 0.047619 0.096203
16 0.720551 0.501266 0.045113 0.091139
1 0.829574 0.407595 0.0401 0.081013
6 0.829574 0.589873 0.0401 0.081013
14 0.854637 0.559494 0.047619 0.096203
2 0.85589 0.498734 0.0401 0.081013
5 0.829574 0.529114 0.0401 0.081013
8 0.776942 0.468354 0.0401 0.081013
7 0.75188 0.496203 0.047619 0.096203
11 0.85589 0.377215 0.0401 0.081013
0 0.249373 0.498734 0.047619 0.096203
13 0.83208 0.468354 0.045113 0.091139
3 0.857143 0.622785 0.042607 0.086076
4 0.803258 0.556962 0.045113 0.091139
15 0.803258 0.437975 0.0401 0.081013
