0 0.375000 0.038732 0.033482 0.068075
8 0.123884 0.130282 0.033482 0.068075
12 0.094866 0.035211 0.033482 0.065728
3 0.599330 0.471831 0.033482 0.070423
10 0.554129 0.685446 0.032366 0.065728
4 0.663504 0.458920 0.032366 0.068075
6 0.732701 0.481221 0.032366 0.070423
9 0.767299 0.496479 0.032366 0.068075
1 0.784598 0.558685 0.033482 0.070423
2 0.681362 0.968310 0.034598 0.063380
15 0.810268 0.444836 0.033482 0.068075
5 0.853237 0.322770 0.032366 0.068075
11 0.923549 0.196009 0.032366 0.068075
13 0.835379 0.962441 0.034598 0.075117
14 0.882812 0.926056 0.033482 0.068075
