2 0.179398 0.404930 0.034722 0.068075
16 0.197338 0.456573 0.038194 0.077465
11 0.170718 0.515258 0.035880 0.068075
3 0.023727 0.099765 0.035880 0.068075
8 0.139468 0.048122 0.035880 0.072770
15 0.328125 0.242958 0.035880 0.068075
5 0.479167 0.038732 0.034722 0.068075
9 0.619213 0.043427 0.034722 0.072770
1 0.697338 0.102113 0.033565 0.068075
12 0.701389 0.592723 0.034722 0.072770
6 0.839699 0.401408 0.035880 0.070423
13 0.832176 0.534038 0.034722 0.072770
10 0.788194 0.588028 0.037037 0.068075
4 0.648727 0.928404 0.035880 0.072770
7 0.789931 0.903756 0.038194 0.070423
