0 0.050781 0.161972 0.032366 0.065728
8 0.131138 0.165493 0.030134 0.068075
16 0.529018 0.650235 0.035714 0.079812
10 0.553013 0.686620 0.032366 0.068075
3 0.598214 0.471831 0.033482 0.070423
4 0.665179 0.457746 0.031250 0.070423
6 0.732701 0.480047 0.032366 0.072770
9 0.766741 0.494131 0.031250 0.072770
1 0.783482 0.557512 0.035714 0.072770
15 0.810268 0.443662 0.033482 0.070423
5 0.852679 0.320423 0.033482 0.068075
11 0.922433 0.192488 0.034598 0.070423
2 0.681920 0.968310 0.035714 0.063380
13 0.835379 0.961268 0.030134 0.068075
14 0.882812 0.924883 0.033482 0.075117
