11 0.171296 0.515258 0.034722 0.063380
2 0.179977 0.402582 0.038194 0.063380
16 0.189236 0.464789 0.040509 0.075117
3 0.023727 0.100939 0.033565 0.070423
8 0.139468 0.050469 0.035880 0.072770
15 0.328704 0.245305 0.034722 0.072770
5 0.480903 0.041080 0.035880 0.072770
9 0.619792 0.045775 0.035880 0.072770
1 0.696759 0.103286 0.037037 0.070423
12 0.701389 0.591549 0.034722 0.075117
6 0.839699 0.401408 0.035880 0.075117
13 0.831597 0.534038 0.035880 0.072770
10 0.788194 0.588028 0.037037 0.068075
7 0.789931 0.904930 0.035880 0.077465
4 0.649306 0.929577 0.039352 0.070423
