0 0.503906 0.406103 0.034598 0.065728
12 0.562500 0.308685 0.033482 0.068075
10 0.616629 0.147887 0.032366 0.070423
8 0.679688 0.091549 0.033482 0.070423
5 0.690290 0.156103 0.034598 0.068075
14 0.821429 0.203052 0.031250 0.068075
11 0.876116 0.166667 0.031250 0.065728
6 0.616629 0.543427 0.032366 0.068075
3 0.675223 0.471831 0.035714 0.065728
9 0.769531 0.502347 0.032366 0.070423
1 0.796875 0.532864 0.031250 0.070423
15 0.920201 0.440141 0.030134 0.068075
2 0.758371 0.731221 0.034598 0.068075
7 0.647321 0.687793 0.031250 0.065728
13 0.824219 0.741784 0.030134 0.065728
4 0.836496 0.956573 0.032366 0.063380
