2 0.180556 0.407277 0.034722 0.068075
11 0.170718 0.514085 0.035880 0.065728
3 0.023727 0.099765 0.035880 0.068075
8 0.138889 0.050469 0.032407 0.068075
16 0.169560 0.043427 0.038194 0.072770
0 0.170139 0.044601 0.025463 0.051643
15 0.329282 0.245305 0.035880 0.068075
5 0.479745 0.038732 0.033565 0.063380
9 0.619792 0.044601 0.033565 0.070423
1 0.697338 0.103286 0.035880 0.070423
6 0.840278 0.402582 0.034722 0.068075
13 0.832755 0.535211 0.035880 0.070423
10 0.788773 0.588028 0.035880 0.068075
12 0.701389 0.590376 0.034722 0.068075
7 0.789931 0.903756 0.035880 0.070423
4 0.649306 0.928404 0.034722 0.068075
