8 0.131138 0.164319 0.032366 0.065728
3 0.563616 0.321596 0.033482 0.065728
9 0.610491 0.262911 0.033482 0.065728
10 0.643973 0.458920 0.031250 0.068075
6 0.789621 0.591549 0.032366 0.065728
1 0.803013 0.650235 0.032366 0.065728
2 0.681362 0.969484 0.036830 0.061033
0 0.919085 0.877934 0.032366 0.065728
16 0.935268 0.930751 0.035714 0.072770
13 0.951451 0.975352 0.032366 0.049296
14 0.815290 0.485915 0.030134 0.070423
15 0.771763 0.204225 0.034598 0.070423
5 0.854353 0.321596 0.034598 0.070423
4 0.920759 0.273474 0.033482 0.068075
11 0.938616 0.180751 0.033482 0.070423
