2 0.180556 0.404930 0.037037 0.068075
11 0.170139 0.514085 0.039352 0.065728
3 0.023727 0.099765 0.035880 0.068075
8 0.139468 0.050469 0.035880 0.068075
15 0.328704 0.240610 0.034722 0.063380
16 0.346065 0.294601 0.041667 0.077465
5 0.480324 0.038732 0.037037 0.068075
9 0.619213 0.044601 0.037037 0.070423
1 0.696759 0.103286 0.037037 0.070423
12 0.701389 0.589202 0.037037 0.075117
0 0.409144 0.911972 0.035880 0.068075
10 0.788773 0.588028 0.035880 0.072770
13 0.832755 0.534038 0.035880 0.072770
6 0.839699 0.402582 0.035880 0.068075
4 0.649306 0.928404 0.037037 0.068075
7 0.790509 0.902582 0.037037 0.068075
