11 0.171875 0.514085 0.035880 0.070423
2 0.179977 0.406103 0.035880 0.070423
3 0.024306 0.100939 0.034722 0.065728
8 0.140046 0.048122 0.037037 0.068075
15 0.328704 0.242958 0.034722 0.072770
5 0.480324 0.038732 0.037037 0.068075
9 0.619213 0.044601 0.034722 0.070423
1 0.697338 0.103286 0.033565 0.070423
6 0.839699 0.400235 0.035880 0.068075
16 0.866319 0.433099 0.038194 0.077465
0 0.907986 0.511737 0.035880 0.070423
10 0.788773 0.586854 0.033565 0.070423
12 0.701389 0.589202 0.037037 0.070423
13 0.832755 0.532864 0.035880 0.070423
4 0.649306 0.927230 0.037037 0.070423
7 0.788773 0.902582 0.033565 0.072770
