0 0.87594 0.908861 0.0401 0.081013
9 0.635338 0.278481 0.042607 0.086076
12 0.276942 0.346835 0.045113 0.091139
14 0.483709 0.721519 0.045113 0.091139
1 0.43985 0.582278 0.045113 0.091139
3 0.682957 0.273418 0.045113 0.091139
10 0.880952 0.060759 0.0401 0.081013
15 0.294486 0.263291 0.0401 0.081013
13 0.557644 0.23038 0.0401 0.081013
8 0.399749 0.551899 0.042607 0.086076
4 0.132832 0.572152 0.045113 0.091139
6 0.417293 0.35443 0.0401 0.081013
2 0.740602 0.205063 0.042607 0.086076
5 0.934837 0.706329 0.0401 0.081013
7 0.322055 0.962025 0.0401 0.081013
11 0.838346 0.698734 0.0401 0.081013
