0 0.638889 0.140845 0.032407 0.065728
16 0.622685 0.109155 0.039352 0.072770
9 0.619792 0.042254 0.033565 0.065728
3 0.024306 0.100939 0.034722 0.065728
2 0.179977 0.407277 0.035880 0.068075
11 0.170718 0.514085 0.033565 0.070423
8 0.139468 0.048122 0.033565 0.068075
15 0.329282 0.246479 0.035880 0.065728
1 0.697338 0.102113 0.033565 0.068075
5 0.480324 0.039906 0.034722 0.065728
6 0.840278 0.402582 0.034722 0.072770
13 0.832755 0.531690 0.033565 0.072770
10 0.789352 0.589202 0.034722 0.070423
12 0.701968 0.591549 0.035880 0.070423
7 0.790509 0.903756 0.034722 0.070423
4 0.648148 0.928404 0.034722 0.068075
