3 0.177945 0.382278 0.045113 0.091139
12 0.854637 0.556962 0.042607 0.086076
7 0.709273 0.501266 0.0401 0.081013
13 0.978697 0.637975 0.0401 0.081013
10 0.330827 0.701266 0.045113 0.091139
0 0.616541 0.55443 0.0401 0.081013
4 0.741855 0.377215 0.0401 0.081013
16 0.206767 0.359494 0.045113 0.091139
11 0.814536 0.797468 0.042607 0.086076
5 0.10401 0.870886 0.0401 0.081013
6 0.464912 0.64557 0.042607 0.086076
9 0.601504 0.810127 0.0401 0.081013
2 0.669173 0.432911 0.037594 0.075949
14 0.773183 0.592405 0.045113 0.091139
