11 0.170718 0.515258 0.033565 0.063380
2 0.180556 0.406103 0.034722 0.065728
15 0.328125 0.244131 0.033565 0.070423
16 0.357060 0.272300 0.038194 0.079812
3 0.024306 0.100939 0.032407 0.065728
8 0.139468 0.049296 0.033565 0.070423
0 0.446759 0.368545 0.032407 0.065728
5 0.480324 0.038732 0.034722 0.068075
9 0.619792 0.045775 0.033565 0.063380
1 0.697338 0.103286 0.033565 0.065728
12 0.701968 0.590376 0.033565 0.068075
6 0.840278 0.400235 0.034722 0.063380
13 0.832755 0.532864 0.033565 0.070423
10 0.788773 0.590376 0.033565 0.068075
4 0.648727 0.929577 0.035880 0.070423
7 0.789352 0.902582 0.034722 0.068075
