11 0.171875 0.515258 0.035880 0.072770
3 0.023727 0.100939 0.033565 0.070423
8 0.139468 0.050469 0.035880 0.068075
2 0.179977 0.407277 0.035880 0.068075
15 0.327546 0.244131 0.032407 0.065728
5 0.479745 0.039906 0.035880 0.065728
9 0.618634 0.044601 0.033565 0.065728
1 0.697338 0.104460 0.033565 0.068075
6 0.839120 0.401408 0.030093 0.070423
16 0.868634 0.417840 0.038194 0.075117
0 0.877315 0.436620 0.032407 0.061033
13 0.832755 0.532864 0.033565 0.070423
10 0.788773 0.588028 0.033565 0.068075
12 0.701389 0.589202 0.034722 0.070423
7 0.790509 0.903756 0.037037 0.070423
4 0.649306 0.929577 0.034722 0.070423
