3 0.023727 0.102113 0.033565 0.068075
2 0.178819 0.406103 0.033565 0.070423
16 0.211227 0.411972 0.040509 0.082160
11 0.170718 0.514085 0.035880 0.070423
8 0.139468 0.046948 0.035880 0.065728
15 0.328704 0.245305 0.037037 0.072770
5 0.480324 0.037559 0.037037 0.065728
9 0.619213 0.044601 0.034722 0.070423
1 0.696759 0.102113 0.034722 0.068075
0 0.408565 0.913146 0.037037 0.070423
12 0.702546 0.590376 0.037037 0.068075
6 0.840278 0.403756 0.037037 0.070423
13 0.832755 0.535211 0.035880 0.070423
10 0.788773 0.588028 0.033565 0.068075
4 0.649306 0.928404 0.039352 0.068075
7 0.789352 0.904930 0.034722 0.072770
