16 0.505208 0.072770 0.038194 0.075117
5 0.479745 0.038732 0.033565 0.063380
0 0.564815 0.136150 0.032407 0.065728
15 0.328704 0.245305 0.034722 0.068075
2 0.179977 0.407277 0.035880 0.063380
11 0.171296 0.515258 0.034722 0.063380
3 0.023727 0.100939 0.033565 0.065728
8 0.139468 0.048122 0.035880 0.063380
9 0.619792 0.044601 0.033565 0.065728
1 0.697338 0.104460 0.033565 0.063380
6 0.839120 0.400235 0.034722 0.063380
13 0.832176 0.534038 0.034722 0.068075
10 0.788773 0.586854 0.033565 0.065728
12 0.701389 0.591549 0.034722 0.070423
7 0.789352 0.903756 0.034722 0.070423
4 0.649306 0.927230 0.034722 0.070423
