5 0.223058 0.898734 0.0401 0.081013
2 0.820802 0.508861 0.0401 0.081013
9 0.833333 0.394937 0.042607 0.086076
11 0.556391 0.650633 0.0401 0.081013
13 0.730576 0.412658 0.0401 0.081013
7 0.632832 0.397468 0.042607 0.086076
10 0.944862 0.777215 0.0401 0.081013
14 0.050125 0.377215 0.047619 0.096203
1 0.64787 0.8 0.042607 0.086076
16 0.917293 0.746835 0.045113 0.091139
0 0.478697 0.493671 0.037594 0.075949
8 0.662907 0.240506 0.042607 0.086076
6 0.605263 0.822785 0.0401 0.081013
4 0.175439 0.655696 0.042607 0.086076
