0 0.251736 0.974178 0.035880 0.051643
16 0.732060 0.542254 0.038194 0.079812
3 0.753472 0.502347 0.032407 0.065728
8 0.780093 0.471831 0.032407 0.065728
1 0.806713 0.441315 0.032407 0.065728
5 0.831597 0.408451 0.033565 0.061033
6 0.859954 0.377934 0.034722 0.065728
14 0.859375 0.441315 0.031250 0.065728
2 0.832755 0.471831 0.031250 0.061033
9 0.806713 0.502347 0.030093 0.061033
12 0.780093 0.534038 0.030093 0.058685
7 0.859375 0.502347 0.031250 0.065728
13 0.832755 0.532864 0.031250 0.061033
4 0.806134 0.566901 0.031250 0.068075
15 0.859375 0.563380 0.033565 0.065728
11 0.831019 0.596244 0.032407 0.070423
10 0.859954 0.629108 0.034722 0.070423
