5 0.43609 0.655696 0.0401 0.081013
8 0.804511 0.432911 0.0401 0.081013
1 0.778195 0.648101 0.0401 0.081013
7 0.753133 0.379747 0.0401 0.081013
6 0.869674 0.422785 0.0401 0.081013
11 0.47995 0.64557 0.0401 0.081013
15 0.918546 0.425316 0.0401 0.081013
0 0.631579 0.283544 0.0401 0.081013
10 0.953634 0.151899 0.0401 0.081013
13 0.780702 0.124051 0.0401 0.081013
3 0.961153 0.81519 0.042607 0.086076
2 0.512531 0.579747 0.037594 0.075949
14 0.888471 0.794937 0.037594 0.075949
9 0.803258 0.498734 0.042607 0.086076
4 0.829574 0.531646 0.0401 0.081013
12 0.888471 0.518987 0.0401 0.081013
