11 0.172454 0.515258 0.032407 0.068075
3 0.024306 0.100939 0.032407 0.065728
16 0.017940 0.226526 0.033565 0.077465
8 0.139468 0.048122 0.035880 0.068075
0 0.130208 0.450704 0.035880 0.065728
2 0.180556 0.406103 0.037037 0.070423
15 0.328704 0.244131 0.034722 0.070423
5 0.479745 0.038732 0.033565 0.068075
9 0.619213 0.044601 0.032407 0.065728
1 0.697338 0.104460 0.033565 0.068075
6 0.839699 0.401408 0.035880 0.065728
12 0.701389 0.591549 0.034722 0.070423
13 0.833333 0.535211 0.034722 0.070423
10 0.788773 0.589202 0.035880 0.065728
4 0.649306 0.929577 0.034722 0.065728
7 0.789931 0.903756 0.033565 0.070423
