0 0.237269 0.488263 0.034722 0.065728
11 0.171296 0.515258 0.034722 0.068075
16 0.193287 0.462441 0.037037 0.075117
2 0.180556 0.404930 0.034722 0.068075
3 0.023727 0.102113 0.033565 0.063380
8 0.139468 0.049296 0.035880 0.065728
15 0.328704 0.245305 0.032407 0.068075
5 0.479745 0.038732 0.033565 0.063380
9 0.619792 0.045775 0.033565 0.063380
1 0.697338 0.103286 0.033565 0.065728
12 0.701389 0.591549 0.032407 0.070423
6 0.839699 0.401408 0.033565 0.065728
13 0.831597 0.534038 0.033565 0.068075
10 0.789352 0.586854 0.034722 0.070423
4 0.649306 0.930751 0.034722 0.068075
7 0.789931 0.902582 0.035880 0.068075
