0 0.877193 0.706329 0.0401 0.081013
12 0.931078 0.162025 0.047619 0.096203
9 0.64411 0.240506 0.042607 0.086076
5 0.606516 0.632911 0.0401 0.081013
1 0.47619 0.083544 0.0401 0.081013
11 0.525063 0.544304 0.045113 0.091139
3 0.74812 0.648101 0.0401 0.081013
2 0.097744 0.055696 0.0401 0.081013
10 0.655388 0.893671 0.042607 0.086076
7 0.686717 0.075949 0.0401 0.081013
13 0.833333 0.435443 0.045113 0.091139
6 0.898496 0.822785 0.045113 0.091139
4 0.537594 0.751899 0.042607 0.086076
14 0.968672 0.210127 0.045113 0.091139
15 0.486216 0.908861 0.0401 0.081013
