2 0.179398 0.407277 0.032407 0.072770
11 0.171296 0.512911 0.034722 0.072770
3 0.023727 0.103286 0.035880 0.075117
8 0.140625 0.049296 0.035880 0.070423
15 0.329861 0.244131 0.034722 0.075117
5 0.479745 0.041080 0.038194 0.077465
9 0.619792 0.046948 0.035880 0.075117
0 0.408565 0.914319 0.037037 0.077465
1 0.697917 0.103286 0.037037 0.070423
12 0.700810 0.590376 0.035880 0.072770
10 0.788773 0.590376 0.038194 0.068075
6 0.840856 0.400235 0.035880 0.077465
7 0.790509 0.904930 0.037037 0.072770
13 0.832755 0.535211 0.035880 0.075117
4 0.648727 0.927230 0.038194 0.075117
