7 0.597744 0.744304 0.045113 0.091139
5 0.834586 0.101266 0.0401 0.081013
9 0.781955 0.503797 0.042607 0.086076
8 0.526316 0.050633 0.0401 0.081013
11 0.897243 0.511392 0.0401 0.081013
14 0.75188 0.868354 0.047619 0.096203
10 0.621554 0.911392 0.045113 0.091139
12 0.709273 0.551899 0.045113 0.091139
13 0.493734 0.318987 0.0401 0.081013
1 0.887218 0.222785 0.0401 0.081013
6 0.437343 0.660759 0.0401 0.081013
15 0.684211 0.18481 0.042607 0.086076
3 0.934837 0.911392 0.045113 0.091139
2 0.454887 0.078481 0.0401 0.081013
4 0.988722 0.04557 0.042607 0.086076
