15 0.327546 0.244131 0.032407 0.070423
16 0.358218 0.235915 0.038194 0.082160
2 0.179977 0.406103 0.038194 0.065728
11 0.171296 0.512911 0.037037 0.072770
3 0.023727 0.098592 0.035880 0.070423
8 0.139468 0.048122 0.035880 0.072770
5 0.480903 0.038732 0.035880 0.072770
9 0.619213 0.044601 0.037037 0.070423
1 0.696181 0.103286 0.038194 0.070423
0 0.684606 0.319249 0.038194 0.070423
6 0.839699 0.401408 0.038194 0.070423
12 0.701389 0.589202 0.037037 0.070423
13 0.832755 0.535211 0.035880 0.075117
10 0.788773 0.588028 0.038194 0.072770
7 0.789352 0.902582 0.034722 0.072770
4 0.649306 0.929577 0.037037 0.070423
