12 0.719866 0.501174 0.031250 0.068075
3 0.744978 0.471831 0.030134 0.061033
5 0.770089 0.441315 0.031250 0.065728
10 0.795201 0.407277 0.030134 0.063380
14 0.822545 0.379108 0.035714 0.063380
6 0.745536 0.535211 0.029018 0.061033
9 0.771205 0.502347 0.031250 0.061033
11 0.794643 0.471831 0.031250 0.065728
15 0.820312 0.441315 0.031250 0.065728
7 0.769531 0.563380 0.030134 0.065728
1 0.795201 0.532864 0.032366 0.070423
8 0.820871 0.503521 0.030134 0.068075
2 0.795201 0.596244 0.030134 0.065728
4 0.821987 0.563380 0.030134 0.061033
13 0.821987 0.627934 0.032366 0.063380
16 0.236049 0.971831 0.036830 0.056338
0 0.235491 0.978873 0.022321 0.042254
