0 0.169560 0.043427 0.026620 0.049296
16 0.169560 0.045775 0.038194 0.077465
8 0.138889 0.051643 0.032407 0.065728
3 0.024306 0.099765 0.037037 0.068075
2 0.180556 0.404930 0.034722 0.068075
11 0.170718 0.514085 0.035880 0.070423
15 0.329282 0.242958 0.033565 0.077465
5 0.479167 0.039906 0.034722 0.070423
9 0.619792 0.044601 0.033565 0.070423
1 0.696759 0.103286 0.034722 0.065728
6 0.839699 0.402582 0.035880 0.068075
13 0.831597 0.534038 0.033565 0.068075
10 0.788773 0.588028 0.035880 0.068075
12 0.701389 0.592723 0.034722 0.068075
7 0.789352 0.903756 0.034722 0.065728
4 0.648727 0.927230 0.035880 0.065728
