2 0.180556 0.406103 0.032407 0.065728
16 0.206597 0.376761 0.038194 0.077465
0 0.206597 0.377934 0.024306 0.051643
3 0.024306 0.100939 0.034722 0.065728
8 0.138889 0.046948 0.034722 0.065728
15 0.328704 0.245305 0.034722 0.068075
11 0.171296 0.515258 0.034722 0.068075
5 0.480903 0.038732 0.035880 0.068075
9 0.619213 0.045775 0.034722 0.068075
6 0.840278 0.403756 0.032407 0.065728
13 0.832755 0.534038 0.035880 0.068075
10 0.788773 0.586854 0.033565 0.065728
12 0.701968 0.590376 0.033565 0.068075
7 0.789352 0.902582 0.032407 0.068075
4 0.649306 0.930751 0.034722 0.068075
