2 0.180556 0.407277 0.034722 0.068075
11 0.170718 0.514085 0.035880 0.070423
3 0.024306 0.100939 0.032407 0.065728
8 0.138889 0.049296 0.034722 0.065728
15 0.328704 0.246479 0.034722 0.070423
5 0.479745 0.037559 0.033565 0.065728
9 0.619792 0.044601 0.033565 0.065728
1 0.696759 0.104460 0.034722 0.068075
16 0.723380 0.076291 0.037037 0.077465
0 0.752315 0.136150 0.034722 0.065728
12 0.701968 0.592723 0.033565 0.068075
6 0.839120 0.401408 0.034722 0.065728
13 0.832755 0.534038 0.035880 0.072770
10 0.788773 0.589202 0.033565 0.065728
7 0.789352 0.902582 0.034722 0.068075
4 0.649306 0.928404 0.034722 0.068075
