14 0.978697 0.506329 0.045113 0.091139
7 0.036341 0.174684 0.0401 0.081013
0 0.680451 0.678481 0.0401 0.081013
6 0.051378 0.716456 0.0401 0.081013
11 0.741855 0.470886 0.045113 0.091139
3 0.834586 0.405063 0.045113 0.091139
10 0.558897 0.217722 0.045113 0.091139
5 0.982456 0.38481 0.042607 0.086076
9 0.536341 0.065823 0.042607 0.086076
2 0.74812 0.329114 0.037594 0.075949
8 0.206767 0.812658 0.042607 0.086076
13 0.636591 0.179747 0.037594 0.075949
4 0.241855 0.329114 0.045113 0.091139
