0 0.899749 0.658228 0.0401 0.081013
15 0.699248 0.632911 0.042607 0.086076
7 0.824561 0.146835 0.0401 0.081013
3 0.409774 0.070886 0.042607 0.086076
10 0.521303 0.055696 0.0401 0.081013
4 0.571429 0.405063 0.0401 0.081013
2 0.887218 0.579747 0.0401 0.081013
1 0.224311 0.124051 0.0401 0.081013
11 0.803258 0.686076 0.0401 0.081013
14 0.591479 0.511392 0.042607 0.086076
5 0.45614 0.265823 0.0401 0.081013
8 0.763158 0.620253 0.037594 0.075949
13 0.704261 0.048101 0.037594 0.075949
12 0.580201 0.708861 0.037594 0.075949
