16 0.803258 0.622785 0.045113 0.091139
7 0.778195 0.526582 0.047619 0.096203
6 0.829574 0.589873 0.0401 0.081013
11 0.803258 0.559494 0.0401 0.081013
1 0.829574 0.410127 0.047619 0.096203
2 0.83208 0.463291 0.047619 0.096203
10 0.857143 0.622785 0.045113 0.091139
5 0.857143 0.562025 0.042607 0.086076
12 0.857143 0.498734 0.042607 0.086076
4 0.750627 0.498734 0.0401 0.081013
0 0.24812 0.974684 0.0401 0.081013
13 0.804511 0.440506 0.0401 0.081013
15 0.776942 0.468354 0.0401 0.081013
3 0.854637 0.437975 0.045113 0.091139
8 0.857143 0.374684 0.0401 0.081013
