2 0.681920 0.969484 0.033482 0.061033
16 0.710379 0.965962 0.036830 0.068075
0 0.919085 0.879108 0.034598 0.072770
13 0.952567 0.974178 0.032366 0.051643
8 0.130580 0.165493 0.033482 0.072770
3 0.564174 0.319249 0.034598 0.070423
9 0.609375 0.261737 0.033482 0.072770
10 0.644531 0.458920 0.032366 0.068075
15 0.771763 0.203052 0.034598 0.068075
6 0.789621 0.591549 0.034598 0.070423
1 0.804129 0.650235 0.034598 0.070423
14 0.815290 0.487089 0.032366 0.072770
5 0.854353 0.321596 0.034598 0.070423
4 0.919643 0.273474 0.033482 0.068075
11 0.938058 0.178404 0.032366 0.070423
