5 0.021303 0.283544 0.0401 0.081013
12 0.025063 0.901266 0.0401 0.081013
0 0.838346 0.673418 0.0401 0.081013
15 0.462406 0.582278 0.0401 0.081013
11 0.709273 0.903797 0.0401 0.081013
9 0.655388 0.602532 0.045113 0.091139
2 0.761905 0.303797 0.0401 0.081013
14 0.203008 0.268354 0.037594 0.075949
3 0.201754 0.860759 0.042607 0.086076
13 0.570175 0.278481 0.0401 0.081013
8 0.632832 0.688608 0.042607 0.086076
4 0.058897 0.407595 0.0401 0.081013
7 0.691729 0.281013 0.042607 0.086076
10 0.06015 0.516456 0.0401 0.081013
