0 0.251157 0.503521 0.034722 0.068075
16 0.723380 0.503521 0.037037 0.082160
3 0.754051 0.501174 0.031250 0.068075
8 0.780093 0.469484 0.032407 0.061033
1 0.805556 0.440141 0.032407 0.068075
5 0.832176 0.409624 0.032407 0.068075
6 0.859954 0.379108 0.037037 0.063380
14 0.858796 0.440141 0.032407 0.063380
2 0.832755 0.473005 0.031250 0.068075
9 0.807292 0.501174 0.033565 0.063380
12 0.780093 0.535211 0.032407 0.061033
4 0.804977 0.564554 0.033565 0.068075
13 0.832755 0.532864 0.031250 0.065728
7 0.859375 0.501174 0.033565 0.068075
15 0.858218 0.563380 0.031250 0.065728
11 0.832755 0.595070 0.033565 0.068075
10 0.858218 0.627934 0.033565 0.072770
