0 0.216435 0.526995 0.034722 0.068075
11 0.170139 0.514085 0.032407 0.070423
16 0.199653 0.494131 0.038194 0.077465
2 0.180556 0.406103 0.037037 0.070423
3 0.023727 0.098592 0.035880 0.070423
8 0.138310 0.048122 0.035880 0.068075
15 0.328704 0.242958 0.034722 0.072770
5 0.479167 0.038732 0.034722 0.068075
9 0.618634 0.045775 0.035880 0.072770
1 0.697338 0.100939 0.035880 0.075117
12 0.701389 0.590376 0.034722 0.072770
6 0.840278 0.402582 0.034722 0.072770
10 0.788773 0.586854 0.033565 0.070423
13 0.831597 0.531690 0.033565 0.072770
7 0.790509 0.903756 0.034722 0.075117
4 0.649306 0.928404 0.034722 0.072770
