8 0.85589 0.498734 0.0401 0.081013
6 0.776942 0.468354 0.0401 0.081013
14 0.854637 0.435443 0.047619 0.096203
0 0.135338 0.179747 0.0401 0.081013
10 0.828321 0.468354 0.0401 0.081013
1 0.828321 0.531646 0.047619 0.096203
11 0.828321 0.589873 0.042607 0.086076
2 0.776942 0.529114 0.0401 0.081013
12 0.85589 0.556962 0.045113 0.091139
5 0.803258 0.559494 0.0401 0.081013
7 0.85589 0.374684 0.0401 0.081013
13 0.829574 0.407595 0.0401 0.081013
4 0.85589 0.620253 0.045113 0.091139
15 0.75188 0.498734 0.045113 0.091139
16 0.785714 0.977215 0.0401 0.081013
