5 0.829574 0.589873 0.0401 0.081013
16 0.720551 0.498734 0.045113 0.091139
10 0.802005 0.435443 0.042607 0.086076
4 0.85589 0.435443 0.045113 0.091139
6 0.776942 0.465823 0.0401 0.081013
0 0.249373 0.498734 0.047619 0.096203
14 0.778195 0.524051 0.047619 0.096203
2 0.829574 0.526582 0.0401 0.081013
12 0.75188 0.498734 0.045113 0.091139
8 0.857143 0.61519 0.045113 0.091139
1 0.830827 0.468354 0.042607 0.086076
7 0.85589 0.374684 0.0401 0.081013
13 0.857143 0.559494 0.042607 0.086076
11 0.854637 0.498734 0.0401 0.081013
15 0.804511 0.556962 0.045113 0.091139
