2 0.180556 0.406103 0.037037 0.070423
11 0.171296 0.515258 0.037037 0.068075
3 0.024306 0.099765 0.034722 0.068075
8 0.140046 0.049296 0.037037 0.070423
15 0.328704 0.245305 0.034722 0.072770
5 0.479745 0.035211 0.035880 0.061033
16 0.491898 0.095070 0.039352 0.077465
9 0.619792 0.045775 0.035880 0.072770
1 0.696759 0.104460 0.034722 0.072770
0 0.684606 0.320423 0.033565 0.068075
6 0.839699 0.401408 0.035880 0.070423
13 0.832755 0.534038 0.035880 0.072770
10 0.788773 0.588028 0.033565 0.068075
12 0.701389 0.590376 0.034722 0.072770
7 0.789352 0.903756 0.034722 0.070423
4 0.648727 0.929577 0.035880 0.070423
