11 0.171296 0.512911 0.037037 0.063380
16 0.179398 0.575117 0.041667 0.075117
3 0.023727 0.100939 0.033565 0.070423
8 0.141204 0.048122 0.034722 0.063380
15 0.328704 0.245305 0.037037 0.072770
2 0.180556 0.406103 0.037037 0.070423
0 0.409144 0.913146 0.035880 0.070423
5 0.479745 0.038732 0.033565 0.068075
9 0.620370 0.044601 0.037037 0.070423
1 0.696759 0.104460 0.034722 0.068075
12 0.701968 0.590376 0.035880 0.068075
6 0.840278 0.402582 0.034722 0.068075
13 0.832755 0.534038 0.035880 0.068075
10 0.788773 0.589202 0.035880 0.070423
4 0.649306 0.929577 0.039352 0.070423
7 0.789931 0.903756 0.035880 0.070423
