0 0.616541 0.496203 0.045113 0.091139
1 0.794486 0.612658 0.045113 0.091139
14 0.516291 0.468354 0.042607 0.086076
11 0.843358 0.934177 0.0401 0.081013
13 0.763158 0.139241 0.045113 0.091139
15 0.431078 0.58481 0.045113 0.091139
5 0.776942 0.468354 0.0401 0.081013
7 0.037594 0.701266 0.045113 0.091139
12 0.288221 0.929114 0.0401 0.081013
6 0.87218 0.594937 0.045113 0.091139
10 0.443609 0.898734 0.042607 0.086076
9 0.803258 0.498734 0.042607 0.086076
3 0.743108 0.562025 0.0401 0.081013
2 0.814536 0.227848 0.042607 0.086076
