0 0.218171 0.481221 0.033565 0.065728
2 0.179398 0.404930 0.034722 0.063380
16 0.201968 0.450704 0.038194 0.079812
11 0.171296 0.514085 0.037037 0.065728
3 0.023727 0.102113 0.033565 0.068075
8 0.139468 0.049296 0.033565 0.065728
15 0.329282 0.244131 0.033565 0.075117
5 0.479167 0.038732 0.034722 0.068075
9 0.619213 0.043427 0.034722 0.072770
1 0.697338 0.102113 0.033565 0.072770
12 0.701968 0.590376 0.035880 0.072770
6 0.839699 0.399061 0.035880 0.070423
10 0.788773 0.588028 0.035880 0.072770
13 0.831597 0.532864 0.033565 0.070423
4 0.648727 0.929577 0.035880 0.070423
7 0.789352 0.902582 0.034722 0.072770
