6 0.892231 0.95443 0.0401 0.081013
0 0.506266 0.496203 0.0401 0.081013
12 0.196742 0.243038 0.045113 0.091139
3 0.830827 0.529114 0.045113 0.091139
10 0.150376 0.668354 0.0401 0.081013
14 0.681704 0.217722 0.045113 0.091139
9 0.793233 0.516456 0.0401 0.081013
1 0.803258 0.76962 0.042607 0.086076
7 0.703008 0.475949 0.047619 0.096203
5 0.553885 0.521519 0.042607 0.086076
13 0.036341 0.726582 0.045113 0.091139
15 0.269424 0.956962 0.042607 0.086076
8 0.046366 0.967089 0.0401 0.081013
4 0.021303 0.594937 0.0401 0.081013
