12 0.463659 0.460759 0.045113 0.091139
6 0.75188 0.564557 0.0401 0.081013
13 0.489975 0.501266 0.045113 0.091139
10 0.60401 0.116456 0.047619 0.096203
11 0.911028 0.506329 0.042607 0.086076
7 0.907268 0.440506 0.042607 0.086076
2 0.571429 0.83038 0.045113 0.091139
3 0.721805 0.648101 0.045113 0.091139
8 0.218045 0.972152 0.0401 0.081013
15 0.43609 0.873418 0.045113 0.091139
9 0.726817 0.427848 0.042607 0.086076
4 0.829574 0.539241 0.042607 0.086076
5 0.85213 0.637975 0.0401 0.081013
1 0.66416 0.972152 0.037594 0.075949
