8 0.284461 0.96962 0.0401 0.081013
6 0.75188 0.564557 0.0401 0.081013
2 0.54386 0.805063 0.0401 0.081013
13 0.489975 0.501266 0.045113 0.091139
1 0.582707 0.860759 0.042607 0.086076
10 0.60401 0.116456 0.047619 0.096203
15 0.437343 0.870886 0.045113 0.091139
11 0.911028 0.506329 0.042607 0.086076
7 0.907268 0.440506 0.042607 0.086076
3 0.721805 0.648101 0.045113 0.091139
9 0.726817 0.427848 0.042607 0.086076
4 0.829574 0.539241 0.042607 0.086076
5 0.85213 0.637975 0.0401 0.081013
12 0.47619 0.448101 0.042607 0.086076
