4 0.919643 0.272300 0.033482 0.065728
16 0.910156 0.328638 0.036830 0.075117
8 0.130580 0.164319 0.033482 0.070423
3 0.563616 0.319249 0.035714 0.065728
9 0.609375 0.262911 0.033482 0.070423
10 0.643973 0.460094 0.033482 0.070423
15 0.771205 0.204225 0.033482 0.070423
11 0.938616 0.179577 0.033482 0.068075
5 0.853237 0.319249 0.032366 0.070423
14 0.813616 0.487089 0.035714 0.068075
6 0.789621 0.591549 0.034598 0.070423
1 0.803013 0.651408 0.036830 0.068075
0 0.918527 0.879108 0.035714 0.068075
2 0.680804 0.969484 0.033482 0.061033
13 0.951451 0.974178 0.032366 0.051643
