0 0.870927 0.660759 0.0401 0.081013
1 0.026316 0.043038 0.0401 0.081013
8 0.719298 0.643038 0.0401 0.081013
10 0.406015 0.144304 0.0401 0.081013
12 0.466165 0.792405 0.0401 0.081013
13 0.665414 0.116456 0.0401 0.081013
11 0.775689 0.81519 0.0401 0.081013
2 0.848371 0.498734 0.0401 0.081013
3 0.264411 0.167089 0.047619 0.096203
7 0.795739 0.065823 0.0401 0.081013
9 0.696742 0.589873 0.042607 0.086076
14 0.510025 0.460759 0.037594 0.075949
15 0.639098 0.620253 0.0401 0.081013
4 0.462406 0.394937 0.037594 0.075949
5 0.339599 0.075949 0.037594 0.075949
