0 0.237847 0.487089 0.035880 0.063380
16 0.193866 0.473005 0.038194 0.077465
11 0.171296 0.514085 0.034722 0.070423
2 0.181134 0.406103 0.035880 0.070423
3 0.023727 0.099765 0.033565 0.068075
8 0.138889 0.049296 0.034722 0.065728
15 0.328704 0.245305 0.034722 0.068075
5 0.479167 0.037559 0.034722 0.065728
9 0.619792 0.044601 0.033565 0.070423
1 0.697338 0.103286 0.033565 0.065728
12 0.701389 0.589202 0.034722 0.070423
10 0.789352 0.590376 0.034722 0.068075
13 0.832755 0.534038 0.035880 0.068075
6 0.839120 0.401408 0.034722 0.065728
7 0.789931 0.903756 0.035880 0.070423
4 0.649306 0.929577 0.034722 0.070423
