11 0.171296 0.514085 0.032407 0.065728
2 0.180556 0.406103 0.034722 0.065728
3 0.024306 0.102113 0.034722 0.068075
8 0.139468 0.049296 0.033565 0.061033
15 0.328704 0.245305 0.032407 0.068075
5 0.479745 0.038732 0.033565 0.068075
9 0.619213 0.045775 0.032407 0.068075
1 0.697338 0.103286 0.033565 0.065728
6 0.839699 0.403756 0.033565 0.065728
13 0.832755 0.534038 0.033565 0.068075
10 0.788773 0.588028 0.033565 0.068075
12 0.701389 0.590376 0.034722 0.068075
4 0.648148 0.929577 0.032407 0.070423
16 0.676505 0.956573 0.038194 0.072770
0 0.694444 0.944836 0.032407 0.068075
7 0.789352 0.902582 0.032407 0.068075
