0 0.353383 0.402532 0.0401 0.081013
11 0.689223 0.967089 0.0401 0.081013
7 0.185464 0.848101 0.0401 0.081013
15 0.082707 0.76962 0.0401 0.081013
6 0.314536 0.432911 0.0401 0.081013
12 0.517544 0.159494 0.0401 0.081013
5 0.384712 0.508861 0.0401 0.081013
13 0.632832 0.473418 0.0401 0.081013
2 0.749373 0.931646 0.0401 0.081013
8 0.150376 0.655696 0.037594 0.075949
14 0.776942 0.465823 0.0401 0.081013
1 0.177945 0.38481 0.0401 0.081013
10 0.135338 0.450633 0.0401 0.081013
3 0.444862 0.751899 0.0401 0.081013
9 0.803258 0.498734 0.042607 0.086076
4 0.64411 0.250633 0.045113 0.091139
