1 0.730576 0.716456 0.045113 0.091139
7 0.733083 0.41519 0.0401 0.081013
15 0.863409 0.43038 0.0401 0.081013
5 0.486216 0.951899 0.0401 0.081013
9 0.795739 0.468354 0.042607 0.086076
0 0.432331 0.291139 0.0401 0.081013
13 0.669173 0.911392 0.0401 0.081013
11 0.820802 0.508861 0.0401 0.081013
2 0.293233 0.377215 0.0401 0.081013
6 0.427318 0.493671 0.0401 0.081013
3 0.696742 0.101266 0.0401 0.081013
12 0.631579 0.956962 0.037594 0.075949
14 0.85213 0.84557 0.042607 0.086076
10 0.860902 0.258228 0.042607 0.086076
