0 0.250579 0.974178 0.035880 0.051643
3 0.753472 0.501174 0.034722 0.068075
16 0.780671 0.600939 0.038194 0.075117
8 0.779514 0.471831 0.031250 0.065728
1 0.805556 0.440141 0.032407 0.063380
5 0.830440 0.409624 0.031250 0.063380
6 0.859954 0.376761 0.032407 0.063380
12 0.778935 0.531690 0.034722 0.058685
9 0.806134 0.500000 0.031250 0.065728
2 0.831597 0.470657 0.031250 0.058685
14 0.859375 0.440141 0.031250 0.063380
4 0.808449 0.563380 0.028935 0.065728
13 0.832755 0.530516 0.031250 0.061033
7 0.860532 0.501174 0.033565 0.068075
11 0.832176 0.596244 0.032407 0.070423
15 0.858796 0.562207 0.032407 0.068075
10 0.859375 0.629108 0.031250 0.070423
