0 0.617794 0.496203 0.045113 0.091139
12 0.260652 0.44557 0.042607 0.086076
7 0.446115 0.36962 0.045113 0.091139
10 0.659148 0.81519 0.045113 0.091139
11 0.850877 0.941772 0.0401 0.081013
5 0.776942 0.468354 0.0401 0.081013
4 0.364662 0.627848 0.0401 0.081013
15 0.56391 0.817722 0.045113 0.091139
2 0.842105 0.306329 0.042607 0.086076
6 0.873434 0.726582 0.045113 0.091139
14 0.706767 0.678481 0.045113 0.091139
9 0.803258 0.501266 0.042607 0.086076
1 0.815789 0.579747 0.042607 0.086076
3 0.754386 0.572152 0.0401 0.081013
