11 0.170139 0.515258 0.037037 0.072770
3 0.023727 0.100939 0.035880 0.070423
8 0.140046 0.049296 0.037037 0.070423
15 0.328125 0.244131 0.035880 0.075117
2 0.180556 0.404930 0.034722 0.068075
5 0.479745 0.038732 0.035880 0.063380
9 0.619213 0.043427 0.034722 0.068075
1 0.697338 0.102113 0.035880 0.063380
16 0.697917 0.163146 0.039352 0.072770
6 0.839699 0.401408 0.035880 0.070423
12 0.701968 0.589202 0.035880 0.070423
10 0.788194 0.588028 0.037037 0.077465
13 0.832755 0.532864 0.035880 0.075117
4 0.651042 0.929577 0.031250 0.075117
7 0.790509 0.903756 0.037037 0.075117
