0 0.060268 0.156103 0.035714 0.072770
16 0.671875 0.913146 0.037946 0.079812
2 0.681362 0.968310 0.039062 0.063380
10 0.644531 0.457746 0.034598 0.070423
3 0.563616 0.320423 0.033482 0.068075
9 0.609933 0.260563 0.036830 0.075117
15 0.771205 0.201878 0.035714 0.070423
14 0.814732 0.487089 0.035714 0.077465
6 0.790737 0.590376 0.034598 0.068075
1 0.804129 0.651408 0.039062 0.068075
4 0.920201 0.273474 0.034598 0.068075
5 0.853237 0.320423 0.032366 0.068075
11 0.938058 0.179577 0.034598 0.068075
13 0.952567 0.974178 0.034598 0.051643
