8 0.130580 0.166667 0.033482 0.065728
16 0.907924 0.328638 0.039062 0.075117
4 0.919643 0.272300 0.033482 0.070423
11 0.938058 0.180751 0.032366 0.070423
9 0.609375 0.260563 0.033482 0.070423
3 0.564174 0.320423 0.034598 0.068075
10 0.644531 0.458920 0.034598 0.068075
15 0.771205 0.204225 0.033482 0.070423
5 0.853795 0.320423 0.033482 0.068075
14 0.814174 0.487089 0.034598 0.068075
6 0.790179 0.592723 0.033482 0.068075
1 0.803571 0.649061 0.035714 0.072770
0 0.919085 0.877934 0.036830 0.065728
2 0.680804 0.969484 0.037946 0.061033
13 0.950893 0.974178 0.033482 0.051643
