0 0.893484 0.840506 0.0401 0.081013
7 0.72807 0.508861 0.045113 0.091139
12 0.824561 0.739241 0.045113 0.091139
8 0.592732 0.686076 0.0401 0.081013
9 0.765664 0.506329 0.042607 0.086076
6 0.701754 0.95443 0.0401 0.081013
11 0.829574 0.529114 0.0401 0.081013
10 0.657895 0.139241 0.042607 0.086076
1 0.532581 0.291139 0.037594 0.075949
5 0.184211 0.189873 0.0401 0.081013
4 0.784461 0.379747 0.045113 0.091139
2 0.883459 0.437975 0.047619 0.096203
14 0.776942 0.587342 0.042607 0.086076
15 0.937343 0.306329 0.0401 0.081013
3 0.714286 0.782278 0.042607 0.086076
13 0.962406 0.141772 0.0401 0.081013
