0 0.656829 0.184272 0.033565 0.068075
1 0.696181 0.103286 0.033565 0.070423
9 0.619213 0.043427 0.034722 0.063380
16 0.619213 0.110329 0.039352 0.075117
5 0.479745 0.039906 0.033565 0.065728
3 0.023727 0.100939 0.033565 0.070423
8 0.138889 0.049296 0.034722 0.070423
15 0.328125 0.246479 0.033565 0.070423
2 0.179398 0.406103 0.034722 0.070423
11 0.170139 0.515258 0.034722 0.068075
6 0.839699 0.402582 0.035880 0.068075
13 0.833912 0.522300 0.028935 0.053991
10 0.788194 0.586854 0.037037 0.065728
12 0.701389 0.590376 0.034722 0.072770
7 0.790509 0.903756 0.034722 0.070423
4 0.648727 0.930751 0.033565 0.068075
