11 0.171296 0.516432 0.034722 0.065728
3 0.024306 0.103286 0.034722 0.070423
8 0.139468 0.048122 0.035880 0.068075
15 0.329282 0.245305 0.035880 0.072770
2 0.180556 0.401408 0.037037 0.065728
16 0.188657 0.464789 0.039352 0.079812
5 0.480324 0.038732 0.034722 0.068075
9 0.619213 0.044601 0.037037 0.070423
1 0.697338 0.104460 0.035880 0.072770
12 0.701389 0.592723 0.034722 0.072770
10 0.788194 0.588028 0.037037 0.072770
6 0.839699 0.402582 0.038194 0.072770
13 0.832755 0.531690 0.035880 0.072770
4 0.648148 0.929577 0.037037 0.075117
7 0.789931 0.902582 0.035880 0.072770
