11 0.170718 0.515258 0.031250 0.068075
16 0.200231 0.496479 0.037037 0.077465
0 0.233218 0.475352 0.033565 0.068075
2 0.179977 0.407277 0.035880 0.068075
3 0.023727 0.100939 0.033565 0.065728
8 0.138889 0.049296 0.034722 0.065728
15 0.329282 0.245305 0.033565 0.068075
5 0.479745 0.038732 0.033565 0.068075
9 0.619213 0.045775 0.032407 0.068075
1 0.697338 0.104460 0.033565 0.068075
6 0.839699 0.401408 0.033565 0.065728
13 0.832755 0.534038 0.033565 0.072770
10 0.788194 0.588028 0.034722 0.068075
12 0.701389 0.590376 0.034722 0.068075
4 0.648727 0.929577 0.033565 0.065728
7 0.788773 0.902582 0.033565 0.068075
