11 0.170718 0.514085 0.035880 0.070423
0 0.203125 0.481221 0.031250 0.070423
16 0.191551 0.461268 0.038194 0.072770
3 0.024884 0.100939 0.035880 0.070423
8 0.138889 0.049296 0.034722 0.070423
15 0.328704 0.242958 0.034722 0.072770
5 0.479167 0.039906 0.034722 0.070423
9 0.619213 0.043427 0.034722 0.072770
1 0.696759 0.104460 0.034722 0.072770
12 0.701389 0.590376 0.034722 0.068075
6 0.840278 0.402582 0.037037 0.072770
13 0.832176 0.534038 0.034722 0.072770
10 0.788773 0.590376 0.035880 0.072770
4 0.649884 0.928404 0.035880 0.068075
7 0.789352 0.901408 0.034722 0.070423
