1 0.512531 0.653165 0.045113 0.091139
2 0.032581 0.134177 0.047619 0.096203
0 0.592732 0.729114 0.0401 0.081013
12 0.963659 0.797468 0.0401 0.081013
7 0.93985 0.081013 0.045113 0.091139
5 0.115288 0.627848 0.0401 0.081013
14 0.973684 0.377215 0.045113 0.091139
10 0.759398 0.524051 0.0401 0.081013
9 0.679198 0.240506 0.0401 0.081013
6 0.825815 0.75443 0.0401 0.081013
8 0.567669 0.334177 0.0401 0.081013
11 0.761905 0.64557 0.0401 0.081013
15 0.665414 0.437975 0.042607 0.086076
4 0.075188 0.863291 0.0401 0.081013
3 0.686717 0.073418 0.045113 0.091139
