1 0.428571 0.222785 0.045113 0.091139
7 0.293233 0.316456 0.045113 0.091139
0 0.807018 0.78481 0.0401 0.081013
10 0.669173 0.36962 0.042607 0.086076
5 0.984962 0.38481 0.045113 0.091139
8 0.503759 0.832911 0.045113 0.091139
11 0.761905 0.483544 0.045113 0.091139
2 0.778195 0.389873 0.045113 0.091139
4 0.427318 0.306329 0.0401 0.081013
14 0.918546 0.513924 0.045113 0.091139
9 0.640351 0.258228 0.042607 0.086076
13 0.64411 0.179747 0.0401 0.081013
3 0.838346 0.410127 0.045113 0.091139
6 0.349624 0.731646 0.042607 0.086076
