2 0.179977 0.406103 0.035880 0.070423
11 0.171296 0.514085 0.034722 0.070423
3 0.024306 0.099765 0.034722 0.068075
8 0.138889 0.049296 0.037037 0.070423
15 0.328704 0.245305 0.034722 0.072770
5 0.480324 0.038732 0.034722 0.068075
9 0.619213 0.044601 0.037037 0.070423
1 0.696759 0.103286 0.034722 0.075117
6 0.840278 0.402582 0.034722 0.072770
13 0.832755 0.535211 0.035880 0.070423
10 0.788773 0.588028 0.038194 0.072770
12 0.701389 0.589202 0.034722 0.070423
16 0.693866 0.649061 0.040509 0.072770
0 0.697338 0.710094 0.035880 0.058685
7 0.789931 0.903756 0.035880 0.070423
4 0.648148 0.928404 0.037037 0.072770
