3 0.521303 0.508861 0.042607 0.086076
7 0.241855 0.703797 0.045113 0.091139
11 0.33208 0.298734 0.045113 0.091139
14 0.121554 0.802532 0.045113 0.091139
6 0.877193 0.724051 0.0401 0.081013
13 0.565163 0.235443 0.045113 0.091139
12 0.884712 0.486076 0.045113 0.091139
0 0.612782 0.096203 0.0401 0.081013
4 0.769424 0.470886 0.0401 0.081013
5 0.281955 0.794937 0.042607 0.086076
8 0.06015 0.668354 0.0401 0.081013
2 0.061404 0.194937 0.0401 0.081013
9 0.577694 0.298734 0.045113 0.091139
10 0.036341 0.126582 0.042607 0.086076
1 0.08396 0.759494 0.047619 0.096203
