0 0.234375 0.974178 0.031250 0.051643
16 0.948661 0.803991 0.037946 0.077465
12 0.719866 0.502347 0.031250 0.070423
3 0.744978 0.471831 0.030134 0.065728
5 0.770089 0.441315 0.031250 0.065728
10 0.795201 0.409624 0.030134 0.058685
14 0.821429 0.379108 0.031250 0.063380
15 0.821987 0.441315 0.030134 0.061033
11 0.794643 0.471831 0.031250 0.065728
9 0.768973 0.503521 0.031250 0.063380
6 0.745536 0.534038 0.029018 0.063380
8 0.821987 0.501174 0.030134 0.063380
1 0.796875 0.531690 0.031250 0.063380
7 0.771763 0.565728 0.032366 0.065728
2 0.794643 0.595070 0.031250 0.063380
4 0.821429 0.565728 0.031250 0.065728
13 0.821987 0.627934 0.030134 0.063380
