3 0.755639 0.091139 0.045113 0.091139
14 0.883459 0.886076 0.045113 0.091139
5 0.56015 0.962025 0.0401 0.081013
11 0.817043 0.526582 0.045113 0.091139
7 0.754386 0.437975 0.0401 0.081013
10 0.874687 0.164557 0.047619 0.096203
4 0.289474 0.741772 0.045113 0.091139
0 0.503759 0.491139 0.037594 0.075949
6 0.521303 0.6 0.037594 0.075949
12 0.655388 0.946835 0.045113 0.091139
1 0.33208 0.934177 0.045113 0.091139
15 0.850877 0.44557 0.045113 0.091139
2 0.057644 0.716456 0.0401 0.081013
9 0.798246 0.473418 0.042607 0.086076
13 0.743108 0.972152 0.037594 0.075949
