16 0.123884 0.037559 0.035714 0.070423
12 0.094866 0.032864 0.031250 0.061033
0 0.375000 0.036385 0.033482 0.068075
8 0.125000 0.134977 0.033482 0.072770
10 0.553013 0.686620 0.034598 0.072770
3 0.598772 0.471831 0.034598 0.070423
4 0.663504 0.458920 0.034598 0.068075
6 0.733259 0.482394 0.031250 0.068075
9 0.767857 0.497653 0.031250 0.070423
15 0.810268 0.442488 0.033482 0.072770
5 0.853237 0.322770 0.032366 0.068075
11 0.922433 0.194836 0.032366 0.065728
1 0.785156 0.557512 0.032366 0.068075
2 0.680804 0.969484 0.033482 0.056338
13 0.835379 0.961268 0.034598 0.068075
14 0.882254 0.923709 0.032366 0.068075
