8 0.131138 0.164319 0.034598 0.070423
15 0.769531 0.205399 0.032366 0.068075
16 0.799107 0.212441 0.037946 0.072770
10 0.643973 0.458920 0.033482 0.068075
3 0.563058 0.320423 0.036830 0.068075
9 0.609375 0.262911 0.033482 0.070423
14 0.814732 0.487089 0.035714 0.068075
5 0.853795 0.322770 0.033482 0.068075
4 0.920759 0.273474 0.035714 0.068075
11 0.938058 0.179577 0.032366 0.068075
6 0.790179 0.590376 0.035714 0.068075
1 0.803571 0.651408 0.035714 0.068075
0 0.918527 0.879108 0.035714 0.072770
2 0.681362 0.968310 0.036830 0.063380
13 0.950893 0.973005 0.033482 0.053991
