11 0.171296 0.515258 0.034722 0.068075
2 0.179977 0.407277 0.035880 0.068075
3 0.023727 0.100939 0.033565 0.070423
8 0.139468 0.049296 0.035880 0.065728
15 0.328704 0.244131 0.034722 0.070423
5 0.479745 0.038732 0.035880 0.068075
9 0.619213 0.043427 0.034722 0.063380
16 0.635995 0.097418 0.038194 0.072770
1 0.697338 0.103286 0.033565 0.065728
6 0.839699 0.402582 0.033565 0.068075
13 0.832755 0.532864 0.033565 0.070423
10 0.788194 0.590376 0.034722 0.068075
12 0.701968 0.592723 0.033565 0.068075
7 0.789931 0.902582 0.033565 0.068075
4 0.649306 0.929577 0.034722 0.065728
