5 0.961153 0.926582 0.0401 0.081013
13 0.048872 0.407595 0.045113 0.091139
7 0.804511 0.437975 0.0401 0.081013
12 0.828321 0.313924 0.045113 0.091139
15 0.83208 0.468354 0.0401 0.081013
2 0.882206 0.162025 0.0401 0.081013
10 0.754386 0.731646 0.047619 0.096203
6 0.834586 0.4 0.042607 0.086076
8 0.909774 0.926582 0.0401 0.081013
11 0.590226 0.681013 0.045113 0.091139
9 0.804511 0.501266 0.042607 0.086076
14 0.83584 0.675949 0.045113 0.091139
0 0.785714 0.38481 0.0401 0.081013
4 0.778195 0.470886 0.0401 0.081013
