13 0.048872 0.407595 0.045113 0.091139
5 0.621554 0.840506 0.0401 0.081013
0 0.660401 0.410127 0.0401 0.081013
2 0.882206 0.162025 0.0401 0.081013
11 0.829574 0.526582 0.045113 0.091139
9 0.805764 0.493671 0.047619 0.096203
8 0.944862 0.929114 0.0401 0.081013
10 0.754386 0.731646 0.047619 0.096203
12 0.798246 0.329114 0.045113 0.091139
15 0.829574 0.465823 0.045113 0.091139
6 0.830827 0.407595 0.0401 0.081013
7 0.803258 0.435443 0.0401 0.081013
1 0.800752 0.070886 0.0401 0.081013
14 0.83584 0.675949 0.045113 0.091139
4 0.776942 0.468354 0.042607 0.086076
3 0.557644 0.678481 0.047619 0.096203
