8 0.139468 0.049296 0.033565 0.065728
3 0.024884 0.100939 0.033565 0.065728
2 0.181134 0.408451 0.035880 0.065728
11 0.171296 0.516432 0.034722 0.065728
15 0.328704 0.245305 0.034722 0.068075
5 0.479167 0.036385 0.034722 0.063380
16 0.610532 0.105634 0.040509 0.075117
0 0.634259 0.153756 0.034722 0.068075
9 0.619213 0.041080 0.034722 0.063380
1 0.697338 0.103286 0.033565 0.070423
6 0.839699 0.401408 0.033565 0.065728
13 0.832755 0.534038 0.033565 0.068075
10 0.788194 0.588028 0.034722 0.068075
12 0.701968 0.590376 0.035880 0.068075
7 0.789931 0.902582 0.033565 0.068075
4 0.648727 0.928404 0.035880 0.068075
