16 0.720551 0.498734 0.045113 0.091139
8 0.829574 0.407595 0.0401 0.081013
1 0.829574 0.529114 0.0401 0.081013
10 0.829574 0.589873 0.045113 0.091139
5 0.829574 0.465823 0.0401 0.081013
2 0.776942 0.468354 0.0401 0.081013
7 0.776942 0.526582 0.0401 0.081013
0 0.249373 0.498734 0.047619 0.096203
14 0.857143 0.622785 0.042607 0.086076
3 0.857143 0.498734 0.042607 0.086076
12 0.857143 0.562025 0.042607 0.086076
11 0.854637 0.435443 0.047619 0.096203
6 0.804511 0.559494 0.0401 0.081013
15 0.803258 0.437975 0.045113 0.091139
4 0.854637 0.379747 0.042607 0.086076
13 0.75188 0.498734 0.0401 0.081013
