8 0.977444 0.536709 0.0401 0.081013
12 0.854637 0.556962 0.042607 0.086076
7 0.709273 0.501266 0.0401 0.081013
0 0.745614 0.658228 0.0401 0.081013
10 0.330827 0.701266 0.045113 0.091139
5 0.347118 0.76962 0.0401 0.081013
4 0.741855 0.377215 0.0401 0.081013
11 0.814536 0.797468 0.042607 0.086076
13 0.912281 0.075949 0.0401 0.081013
15 0.9599 0.065823 0.042607 0.086076
6 0.464912 0.64557 0.042607 0.086076
9 0.601504 0.810127 0.0401 0.081013
14 0.773183 0.592405 0.042607 0.086076
2 0.669173 0.432911 0.037594 0.075949
3 0.045113 0.797468 0.042607 0.086076
