8 0.140046 0.050469 0.037037 0.072770
3 0.023727 0.100939 0.038194 0.070423
2 0.180556 0.406103 0.037037 0.070423
11 0.169560 0.514085 0.038194 0.070423
15 0.328704 0.245305 0.037037 0.072770
5 0.479745 0.039906 0.033565 0.070423
9 0.619792 0.045775 0.035880 0.072770
1 0.697338 0.102113 0.035880 0.068075
0 0.409144 0.913146 0.033565 0.070423
16 0.625579 0.888498 0.040509 0.077465
4 0.650463 0.931925 0.034722 0.070423
12 0.701968 0.591549 0.035880 0.070423
6 0.839699 0.402582 0.035880 0.072770
13 0.833333 0.534038 0.037037 0.072770
10 0.788773 0.589202 0.038194 0.075117
7 0.789931 0.902582 0.035880 0.072770
