16 0.547619 0.493671 0.045113 0.091139
0 0.761905 0.463291 0.0401 0.081013
1 0.795739 0.405063 0.0401 0.081013
10 0.74812 0.534177 0.0401 0.081013
3 0.327068 0.668354 0.0401 0.081013
13 0.819549 0.455696 0.0401 0.081013
11 0.682957 0.8 0.0401 0.081013
5 0.97619 0.916456 0.0401 0.081013
4 0.528822 0.44557 0.042607 0.086076
12 0.518797 0.334177 0.0401 0.081013
14 0.809524 0.632911 0.0401 0.081013
15 0.68797 0.739241 0.0401 0.081013
2 0.794486 0.577215 0.0401 0.081013
6 0.870927 0.437975 0.0401 0.081013
7 0.859649 0.526582 0.0401 0.081013
8 0.865915 0.936709 0.0401 0.081013
