11 0.171875 0.514085 0.033565 0.065728
2 0.179977 0.404930 0.035880 0.068075
3 0.023727 0.100939 0.033565 0.065728
8 0.139468 0.050469 0.033565 0.068075
15 0.328125 0.244131 0.035880 0.070423
0 0.446181 0.368545 0.033565 0.065728
16 0.254051 0.032864 0.040509 0.061033
5 0.479745 0.038732 0.035880 0.068075
9 0.619213 0.044601 0.034722 0.070423
1 0.697338 0.103286 0.033565 0.065728
12 0.701968 0.591549 0.035880 0.070423
6 0.840278 0.402582 0.034722 0.068075
13 0.832755 0.534038 0.035880 0.068075
10 0.788773 0.589202 0.035880 0.070423
4 0.648727 0.928404 0.035880 0.068075
7 0.789931 0.902582 0.035880 0.072770
