0 0.700501 0.949367 0.0401 0.081013
14 0.853383 0.577215 0.045113 0.091139
12 0.969925 0.850633 0.045113 0.091139
5 0.338346 0.58481 0.045113 0.091139
10 0.026316 0.121519 0.0401 0.081013
1 0.087719 0.759494 0.042607 0.086076
11 0.33584 0.306329 0.045113 0.091139
4 0.769424 0.470886 0.0401 0.081013
6 0.89599 0.724051 0.042607 0.086076
8 0.052632 0.660759 0.0401 0.081013
7 0.241855 0.703797 0.045113 0.091139
9 0.577694 0.298734 0.045113 0.091139
2 0.087719 0.18481 0.0401 0.081013
15 0.216792 0.516456 0.0401 0.081013
3 0.522556 0.508861 0.042607 0.086076
13 0.56391 0.237975 0.0401 0.081013
