5 0.467419 0.711392 0.0401 0.081013
1 0.778195 0.648101 0.0401 0.081013
0 0.637845 0.402532 0.0401 0.081013
11 0.507519 0.698734 0.042607 0.086076
6 0.834586 0.463291 0.0401 0.081013
15 0.918546 0.425316 0.0401 0.081013
13 0.793233 0.111392 0.0401 0.081013
10 0.879699 0.349367 0.0401 0.081013
7 0.770677 0.440506 0.0401 0.081013
2 0.591479 0.660759 0.037594 0.075949
14 0.888471 0.794937 0.037594 0.075949
9 0.803258 0.498734 0.042607 0.086076
3 0.798246 0.567089 0.0401 0.081013
4 0.829574 0.531646 0.0401 0.081013
12 0.888471 0.518987 0.0401 0.081013
8 0.803258 0.432911 0.037594 0.075949
