2 0.179398 0.406103 0.034722 0.070423
16 0.201968 0.449531 0.038194 0.077465
0 0.230324 0.504695 0.034722 0.065728
11 0.171875 0.514085 0.035880 0.065728
3 0.023148 0.102113 0.034722 0.068075
8 0.140046 0.048122 0.034722 0.068075
15 0.329282 0.244131 0.035880 0.070423
5 0.479745 0.037559 0.033565 0.065728
9 0.619213 0.044601 0.034722 0.065728
1 0.696759 0.102113 0.034722 0.068075
12 0.701968 0.591549 0.035880 0.070423
6 0.839699 0.403756 0.033565 0.070423
13 0.832755 0.535211 0.033565 0.070423
10 0.789352 0.589202 0.034722 0.070423
7 0.789352 0.902582 0.034722 0.068075
4 0.649306 0.929577 0.034722 0.065728
