11 0.170718 0.516432 0.035880 0.065728
2 0.179398 0.407277 0.037037 0.068075
16 0.195023 0.458920 0.040509 0.072770
0 0.200810 0.468310 0.031250 0.058685
3 0.023727 0.099765 0.035880 0.068075
8 0.139468 0.048122 0.035880 0.063380
15 0.328704 0.242958 0.034722 0.072770
5 0.479745 0.037559 0.033565 0.061033
9 0.619213 0.043427 0.037037 0.072770
1 0.697338 0.103286 0.033565 0.065728
12 0.701389 0.590376 0.037037 0.068075
6 0.839699 0.400235 0.033565 0.068075
13 0.832755 0.532864 0.033565 0.070423
10 0.788773 0.586854 0.035880 0.070423
4 0.648727 0.929577 0.035880 0.070423
7 0.788194 0.902582 0.034722 0.068075
