6 0.870927 0.420253 0.0401 0.081013
1 0.778195 0.648101 0.0401 0.081013
0 0.406015 0.248101 0.0401 0.081013
15 0.918546 0.425316 0.0401 0.081013
8 0.803258 0.432911 0.0401 0.081013
2 0.473684 0.541772 0.0401 0.081013
13 0.912281 0.334177 0.0401 0.081013
14 0.888471 0.794937 0.037594 0.075949
3 0.927318 0.951899 0.0401 0.081013
5 0.434837 0.650633 0.0401 0.081013
11 0.477444 0.643038 0.0401 0.081013
9 0.803258 0.498734 0.042607 0.086076
4 0.829574 0.531646 0.0401 0.081013
12 0.888471 0.518987 0.0401 0.081013
