13 0.832176 0.532864 0.032407 0.070423
16 0.862269 0.528169 0.037037 0.079812
0 0.908565 0.509390 0.034722 0.070423
3 0.023727 0.099765 0.033565 0.068075
8 0.139468 0.046948 0.035880 0.070423
2 0.180556 0.404930 0.037037 0.072770
15 0.328125 0.242958 0.038194 0.072770
11 0.170139 0.512911 0.037037 0.068075
5 0.480324 0.038732 0.034722 0.068075
9 0.619792 0.044601 0.035880 0.070423
1 0.697338 0.102113 0.035880 0.068075
6 0.839699 0.402582 0.035880 0.068075
10 0.788773 0.589202 0.038194 0.070423
4 0.649306 0.929577 0.037037 0.070423
7 0.789931 0.904930 0.038194 0.072770
12 0.701968 0.590376 0.038194 0.072770
