1 0.795739 0.405063 0.0401 0.081013
10 0.74812 0.534177 0.0401 0.081013
13 0.819549 0.455696 0.0401 0.081013
0 0.761905 0.463291 0.0401 0.081013
11 0.682957 0.8 0.0401 0.081013
5 0.97619 0.916456 0.0401 0.081013
8 0.865915 0.939241 0.0401 0.081013
12 0.518797 0.334177 0.0401 0.081013
4 0.530075 0.443038 0.042607 0.086076
3 0.328321 0.665823 0.0401 0.081013
14 0.809524 0.632911 0.0401 0.081013
15 0.68797 0.739241 0.0401 0.081013
2 0.794486 0.577215 0.0401 0.081013
9 0.81203 0.518987 0.042607 0.086076
6 0.869674 0.437975 0.037594 0.075949
7 0.859649 0.526582 0.0401 0.081013
