11 0.171875 0.514085 0.033565 0.070423
16 0.201389 0.530516 0.039352 0.079812
2 0.180556 0.404930 0.037037 0.068075
3 0.024306 0.100939 0.034722 0.065728
15 0.328704 0.245305 0.037037 0.072770
8 0.139468 0.049296 0.035880 0.065728
5 0.479745 0.039906 0.035880 0.070423
0 0.409144 0.913146 0.035880 0.070423
12 0.701968 0.591549 0.035880 0.070423
9 0.619213 0.044601 0.034722 0.070423
1 0.697338 0.102113 0.035880 0.068075
10 0.788773 0.589202 0.035880 0.070423
4 0.649306 0.930751 0.037037 0.072770
7 0.789931 0.901408 0.033565 0.075117
13 0.833333 0.532864 0.037037 0.070423
6 0.840856 0.403756 0.035880 0.070423
