2 0.179398 0.404930 0.034722 0.068075
0 0.240162 0.492958 0.033565 0.070423
16 0.208333 0.429577 0.037037 0.079812
11 0.170718 0.514085 0.035880 0.070423
3 0.023727 0.099765 0.033565 0.068075
8 0.139468 0.048122 0.035880 0.068075
15 0.328704 0.242958 0.034722 0.072770
5 0.479745 0.038732 0.038194 0.068075
9 0.619213 0.044601 0.034722 0.070423
1 0.697338 0.102113 0.033565 0.068075
12 0.701389 0.591549 0.034722 0.070423
10 0.789352 0.586854 0.034722 0.070423
6 0.839699 0.402582 0.035880 0.072770
13 0.832755 0.532864 0.035880 0.075117
7 0.789931 0.903756 0.035880 0.075117
4 0.648727 0.929577 0.035880 0.070423
