0 0.949875 0.518987 0.0401 0.081013
6 0.721805 0.268354 0.0401 0.081013
8 0.85589 0.402532 0.0401 0.081013
11 0.869674 0.665823 0.0401 0.081013
7 0.385965 0.518987 0.045113 0.091139
3 0.909774 0.248101 0.045113 0.091139
14 0.884712 0.065823 0.047619 0.096203
10 0.81203 0.073418 0.0401 0.081013
9 0.697995 0.349367 0.0401 0.081013
4 0.809524 0.83038 0.0401 0.081013
2 0.718045 0.741772 0.0401 0.081013
12 0.869674 0.964557 0.0401 0.081013
5 0.508772 0.336709 0.037594 0.075949
1 0.813283 0.529114 0.042607 0.086076
15 0.705514 0.668354 0.0401 0.081013
13 0.114035 0.789873 0.042607 0.086076
