7 0.771205 0.565728 0.029018 0.065728
16 0.745536 0.597418 0.037946 0.072770
12 0.719308 0.503521 0.030134 0.063380
3 0.744978 0.471831 0.030134 0.065728
5 0.770089 0.441315 0.031250 0.065728
10 0.795759 0.409624 0.031250 0.063380
14 0.821429 0.377934 0.031250 0.065728
9 0.770647 0.503521 0.030134 0.058685
11 0.796317 0.473005 0.030134 0.063380
15 0.820871 0.441315 0.030134 0.061033
7 0.771205 0.564554 0.029018 0.063380
1 0.795201 0.531690 0.030134 0.063380
8 0.820871 0.501174 0.030134 0.063380
2 0.795759 0.596244 0.031250 0.061033
4 0.821987 0.561033 0.032366 0.061033
13 0.821987 0.625587 0.032366 0.068075
0 0.235491 0.974178 0.031250 0.051643
