2 0.179977 0.403756 0.033565 0.070423
16 0.204861 0.443662 0.041667 0.079812
11 0.170718 0.515258 0.035880 0.068075
3 0.024306 0.102113 0.037037 0.068075
8 0.139468 0.049296 0.035880 0.065728
15 0.328704 0.244131 0.037037 0.070423
0 0.409144 0.913146 0.033565 0.070423
5 0.480324 0.038732 0.034722 0.068075
9 0.619213 0.045775 0.034722 0.068075
1 0.697338 0.104460 0.033565 0.068075
12 0.701968 0.592723 0.033565 0.072770
10 0.788773 0.590376 0.033565 0.068075
4 0.649306 0.928404 0.037037 0.068075
7 0.789352 0.904930 0.034722 0.072770
13 0.832755 0.534038 0.035880 0.068075
6 0.839120 0.401408 0.034722 0.065728
