6 0.830827 0.589873 0.047619 0.096203
10 0.829574 0.407595 0.0401 0.081013
16 0.805764 0.625316 0.045113 0.091139
12 0.857143 0.620253 0.045113 0.091139
11 0.829574 0.529114 0.0401 0.081013
14 0.802005 0.564557 0.045113 0.091139
15 0.85589 0.501266 0.045113 0.091139
4 0.830827 0.473418 0.045113 0.091139
8 0.753133 0.498734 0.042607 0.086076
7 0.776942 0.526582 0.0401 0.081013
2 0.85589 0.435443 0.0401 0.081013
13 0.85589 0.377215 0.0401 0.081013
5 0.779449 0.468354 0.047619 0.096203
0 0.24812 0.974684 0.0401 0.081013
1 0.803258 0.435443 0.0401 0.081013
