3 0.521303 0.508861 0.042607 0.086076
0 0.107769 0.881013 0.0401 0.081013
11 0.33208 0.298734 0.045113 0.091139
7 0.018797 0.807595 0.037594 0.075949
13 0.565163 0.235443 0.045113 0.091139
1 0.085213 0.759494 0.045113 0.091139
4 0.769424 0.470886 0.0401 0.081013
8 0.06015 0.668354 0.0401 0.081013
2 0.061404 0.194937 0.0401 0.081013
9 0.577694 0.298734 0.045113 0.091139
5 0.280702 0.356962 0.0401 0.081013
12 0.869674 0.420253 0.047619 0.096203
10 0.036341 0.126582 0.042607 0.086076
6 0.873434 0.716456 0.0401 0.081013
15 0.156642 0.207595 0.045113 0.091139
