2 0.179977 0.406103 0.035880 0.070423
16 0.194444 0.461268 0.037037 0.077465
0 0.201389 0.475352 0.030093 0.068075
11 0.171296 0.516432 0.037037 0.065728
3 0.024306 0.100939 0.034722 0.065728
8 0.140046 0.049296 0.034722 0.065728
15 0.328704 0.242958 0.034722 0.072770
5 0.479745 0.037559 0.033565 0.065728
9 0.618634 0.044601 0.033565 0.070423
1 0.697338 0.102113 0.033565 0.068075
12 0.701968 0.592723 0.033565 0.072770
6 0.840278 0.401408 0.034722 0.070423
10 0.788773 0.589202 0.035880 0.070423
13 0.832755 0.534038 0.035880 0.072770
4 0.649884 0.927230 0.033565 0.070423
7 0.789352 0.902582 0.034722 0.068075
