12 0.853383 0.55443 0.045113 0.091139
16 0.192982 0.437975 0.045113 0.091139
14 0.77193 0.589873 0.045113 0.091139
7 0.709273 0.501266 0.0401 0.081013
3 0.176692 0.382278 0.045113 0.091139
0 0.616541 0.55443 0.0401 0.081013
10 0.330827 0.701266 0.045113 0.091139
4 0.741855 0.377215 0.0401 0.081013
13 0.97995 0.637975 0.047619 0.096203
11 0.814536 0.797468 0.042607 0.086076
5 0.10401 0.870886 0.0401 0.081013
6 0.464912 0.64557 0.042607 0.086076
9 0.601504 0.810127 0.0401 0.081013
2 0.669173 0.432911 0.037594 0.075949
