6 0.829574 0.468354 0.0401 0.081013
1 0.778195 0.648101 0.0401 0.081013
2 0.691729 0.76962 0.0401 0.081013
13 0.834586 0.063291 0.0401 0.081013
15 0.918546 0.425316 0.0401 0.081013
0 0.642857 0.498734 0.0401 0.081013
3 0.497494 0.706329 0.042607 0.086076
7 0.776942 0.465823 0.0401 0.081013
10 0.829574 0.407595 0.0401 0.081013
8 0.804511 0.443038 0.045113 0.091139
14 0.887218 0.794937 0.042607 0.086076
5 0.525063 0.807595 0.0401 0.081013
4 0.829574 0.526582 0.045113 0.091139
11 0.56015 0.789873 0.037594 0.075949
9 0.804511 0.498734 0.042607 0.086076
12 0.888471 0.518987 0.0401 0.081013
