16 0.648148 0.065728 0.039352 0.075117
9 0.617477 0.045775 0.031250 0.068075
5 0.479745 0.037559 0.033565 0.065728
15 0.328125 0.246479 0.035880 0.070423
2 0.179977 0.406103 0.033565 0.065728
11 0.170718 0.514085 0.035880 0.065728
8 0.140046 0.049296 0.034722 0.065728
3 0.023727 0.099765 0.033565 0.068075
6 0.840278 0.401408 0.034722 0.065728
13 0.833333 0.535211 0.034722 0.075117
10 0.788773 0.588028 0.035880 0.068075
12 0.701389 0.592723 0.034722 0.072770
7 0.789352 0.902582 0.034722 0.072770
4 0.649306 0.929577 0.037037 0.070423
