7 0.350877 0.301266 0.045113 0.091139
16 0.377193 0.334177 0.037594 0.075949
14 0.362155 0.435443 0.045113 0.091139
6 0.174185 0.827848 0.0401 0.081013
12 0.433584 0.529114 0.045113 0.091139
2 0.662907 0.843038 0.0401 0.081013
0 0.961153 0.605063 0.0401 0.081013
1 0.413534 0.602532 0.045113 0.091139
8 0.364662 0.526582 0.0401 0.081013
9 0.419799 0.951899 0.045113 0.091139
4 0.590226 0.367089 0.045113 0.091139
5 0.934837 0.706329 0.0401 0.081013
15 0.20802 0.053165 0.0401 0.081013
13 0.555138 0.232911 0.037594 0.075949
11 0.838346 0.698734 0.0401 0.081013
