11 0.171296 0.515258 0.037037 0.072770
2 0.179977 0.406103 0.038194 0.070423
3 0.024884 0.100939 0.035880 0.070423
8 0.139468 0.049296 0.038194 0.070423
15 0.328125 0.245305 0.035880 0.072770
5 0.480324 0.038732 0.034722 0.068075
1 0.697338 0.104460 0.035880 0.072770
9 0.619213 0.045775 0.034722 0.072770
12 0.701968 0.590376 0.035880 0.072770
4 0.648148 0.929577 0.034722 0.065728
16 0.671296 0.887324 0.039352 0.075117
10 0.789352 0.589202 0.034722 0.070423
13 0.832176 0.532864 0.032407 0.070423
6 0.839699 0.402582 0.035880 0.072770
0 0.908565 0.511737 0.034722 0.070423
7 0.790509 0.903756 0.037037 0.070423
