0 0.095238 0.043038 0.0401 0.081013
6 0.75188 0.564557 0.0401 0.081013
16 0.462406 0.475949 0.047619 0.096203
7 0.907268 0.440506 0.042607 0.086076
11 0.911028 0.506329 0.042607 0.086076
15 0.434837 0.865823 0.045113 0.091139
1 0.743108 0.924051 0.042607 0.086076
3 0.721805 0.648101 0.045113 0.091139
9 0.726817 0.427848 0.042607 0.086076
8 0.176692 0.96962 0.0401 0.081013
2 0.576441 0.835443 0.0401 0.081013
4 0.829574 0.539241 0.042607 0.086076
5 0.85213 0.637975 0.0401 0.081013
13 0.489975 0.503797 0.042607 0.086076
