0 0.5 0.498734 0.0401 0.081013
16 0.824561 0.291139 0.045113 0.091139
12 0.553885 0.260759 0.045113 0.091139
7 0.305764 0.827848 0.0401 0.081013
15 0.570175 0.060759 0.045113 0.091139
11 0.704261 0.617722 0.0401 0.081013
5 0.839599 0.344304 0.0401 0.081013
1 0.937343 0.050633 0.0401 0.081013
14 0.649123 0.951899 0.047619 0.096203
2 0.086466 0.329114 0.0401 0.081013
10 0.380952 0.964557 0.0401 0.081013
8 0.273183 0.427848 0.045113 0.091139
6 0.071429 0.255696 0.042607 0.086076
9 0.783208 0.506329 0.042607 0.086076
3 0.987469 0.721519 0.045113 0.091139
