2 0.179398 0.407277 0.034722 0.068075
16 0.208333 0.392019 0.039352 0.079812
0 0.257523 0.404930 0.035880 0.068075
11 0.171296 0.514085 0.037037 0.070423
3 0.023727 0.099765 0.035880 0.072770
8 0.139468 0.050469 0.038194 0.072770
15 0.328125 0.245305 0.035880 0.072770
5 0.480903 0.038732 0.038194 0.068075
9 0.618634 0.045775 0.035880 0.072770
1 0.697917 0.103286 0.037037 0.070423
12 0.701968 0.589202 0.035880 0.075117
10 0.788194 0.588028 0.037037 0.072770
13 0.832755 0.534038 0.035880 0.072770
6 0.839699 0.402582 0.035880 0.072770
7 0.790509 0.903756 0.037037 0.075117
4 0.648727 0.929577 0.038194 0.070423
