0 0.234933 0.974178 0.034598 0.051643
16 0.720982 0.568075 0.040179 0.075117
12 0.720982 0.502347 0.033482 0.065728
3 0.744978 0.471831 0.032366 0.065728
5 0.769531 0.441315 0.030134 0.065728
10 0.796875 0.409624 0.031250 0.063380
14 0.821429 0.377934 0.031250 0.061033
15 0.820312 0.442488 0.031250 0.063380
11 0.796317 0.471831 0.032366 0.061033
9 0.771205 0.503521 0.029018 0.058685
7 0.769531 0.565728 0.032366 0.065728
1 0.795759 0.532864 0.031250 0.065728
8 0.820871 0.502347 0.030134 0.061033
4 0.821429 0.564554 0.031250 0.063380
2 0.795759 0.595070 0.029018 0.063380
13 0.821429 0.631455 0.031250 0.070423
6 0.745536 0.535211 0.031250 0.061033
