2 0.180556 0.406103 0.034722 0.065728
11 0.171296 0.515258 0.034722 0.068075
0 0.031250 0.161972 0.025463 0.051643
16 0.031829 0.164319 0.038194 0.075117
3 0.024306 0.100939 0.034722 0.061033
8 0.139468 0.049296 0.035880 0.065728
15 0.328704 0.244131 0.034722 0.065728
5 0.480324 0.037559 0.034722 0.065728
9 0.619792 0.044601 0.033565 0.065728
1 0.696759 0.103286 0.034722 0.065728
6 0.839699 0.402582 0.033565 0.068075
13 0.832176 0.534038 0.034722 0.068075
10 0.788194 0.588028 0.034722 0.068075
12 0.700810 0.590376 0.033565 0.068075
7 0.789352 0.902582 0.034722 0.072770
4 0.649306 0.928404 0.034722 0.063380
