0 0.616541 0.496203 0.045113 0.091139
7 0.117794 0.693671 0.045113 0.091139
13 0.77193 0.129114 0.045113 0.091139
1 0.794486 0.612658 0.045113 0.091139
11 0.843358 0.934177 0.0401 0.081013
14 0.566416 0.524051 0.045113 0.091139
6 0.869674 0.592405 0.0401 0.081013
15 0.458647 0.635443 0.045113 0.091139
12 0.14787 0.855696 0.037594 0.075949
5 0.776942 0.468354 0.0401 0.081013
4 0.081454 0.898734 0.042607 0.086076
9 0.803258 0.498734 0.042607 0.086076
3 0.743108 0.562025 0.0401 0.081013
2 0.814536 0.227848 0.042607 0.086076
10 0.47619 0.982278 0.047619 0.096203
