0 0.060826 0.157277 0.034598 0.070423
2 0.681920 0.968310 0.033482 0.063380
16 0.926339 0.949531 0.037946 0.077465
13 0.951451 0.971831 0.032366 0.056338
10 0.643973 0.456573 0.033482 0.072770
3 0.563058 0.320423 0.032366 0.068075
9 0.609375 0.260563 0.035714 0.070423
15 0.771205 0.204225 0.035714 0.070423
14 0.815290 0.485915 0.036830 0.070423
6 0.790179 0.590376 0.035714 0.068075
1 0.803571 0.651408 0.035714 0.072770
5 0.854353 0.321596 0.034598 0.070423
4 0.919643 0.273474 0.035714 0.068075
11 0.938616 0.179577 0.033482 0.068075
