5 0.961153 0.926582 0.0401 0.081013
13 0.048872 0.407595 0.045113 0.091139
2 0.882206 0.162025 0.0401 0.081013
11 0.590226 0.678481 0.0401 0.081013
10 0.754386 0.731646 0.047619 0.096203
7 0.804511 0.435443 0.045113 0.091139
6 0.834586 0.4 0.042607 0.086076
8 0.909774 0.926582 0.0401 0.081013
12 0.798246 0.331646 0.045113 0.091139
9 0.804511 0.501266 0.042607 0.086076
0 0.74812 0.460759 0.0401 0.081013
14 0.83584 0.675949 0.045113 0.091139
3 0.558897 0.678481 0.045113 0.091139
15 0.833333 0.470886 0.0401 0.081013
