15 0.833333 0.465823 0.0401 0.081013
5 0.600251 0.967089 0.0401 0.081013
0 0.528822 0.493671 0.0401 0.081013
1 0.191729 0.731646 0.045113 0.091139
4 0.388471 0.81519 0.045113 0.091139
11 0.81203 0.556962 0.045113 0.091139
6 0.570175 0.729114 0.0401 0.081013
12 0.669173 0.936709 0.045113 0.091139
14 0.908521 0.924051 0.0401 0.081013
2 0.121554 0.853165 0.037594 0.075949
10 0.885965 0.101266 0.0401 0.081013
7 0.775689 0.463291 0.0401 0.081013
9 0.805764 0.493671 0.047619 0.096203
3 0.790727 0.091139 0.042607 0.086076
13 0.789474 0.901266 0.0401 0.081013
