7 0.184211 0.886076 0.0401 0.081013
10 0.105263 0.387342 0.0401 0.081013
6 0.250627 0.318987 0.0401 0.081013
2 0.749373 0.931646 0.0401 0.081013
11 0.675439 0.962025 0.0401 0.081013
13 0.572682 0.382278 0.0401 0.081013
1 0.047619 0.18481 0.0401 0.081013
0 0.300752 0.329114 0.0401 0.081013
14 0.776942 0.465823 0.0401 0.081013
8 0.25188 0.665823 0.0401 0.081013
5 0.35589 0.486076 0.0401 0.081013
4 0.593985 0.303797 0.0401 0.081013
9 0.803258 0.498734 0.042607 0.086076
3 0.349624 0.686076 0.0401 0.081013
12 0.457393 0.212658 0.0401 0.081013
15 0.160401 0.589873 0.037594 0.075949
