16 0.721805 0.501266 0.045113 0.091139
6 0.829574 0.589873 0.0401 0.081013
3 0.85589 0.562025 0.045113 0.091139
10 0.829574 0.407595 0.0401 0.081013
11 0.829574 0.529114 0.0401 0.081013
14 0.804511 0.559494 0.045113 0.091139
12 0.857143 0.620253 0.045113 0.091139
0 0.249373 0.501266 0.042607 0.086076
5 0.775689 0.470886 0.042607 0.086076
2 0.85589 0.435443 0.0401 0.081013
4 0.830827 0.473418 0.045113 0.091139
13 0.85589 0.377215 0.0401 0.081013
15 0.857143 0.498734 0.042607 0.086076
7 0.778195 0.531646 0.0401 0.081013
1 0.803258 0.435443 0.0401 0.081013
